"date","positive","death","recovered","positive7","death7","recovered7","dif_pos7","dif_dea7","dif_rec7","testPosRate7","Einfected","Epositive","dif_Epositive","dif_Erecovered","Einfected_U","Einfected_L","Epositive_U","Epositive_L","confirmRate_k_U","confirmRate_k_L","dif_Epositive_U","dif_Epositive_L","CFR","CFRadj","ECFR_k","EIFRadj_k","confirmRate_k","NCC7PerEinfected_k","cumIncidence","cumIncidence_U","cumIncidence_L","difEposPerEinfected_k","ascertainmentRate","docuTransmissionRate"
2020-03-13,4,0,NA,4,0,NA,NA,NA,NA,NA,NA,NA,NA,NA,NA,NA,NA,NA,NA,NA,NA,NA,NA,NA,NA,NA,NA,NA,NA,NA,NA,NA,NA,NA
2020-03-14,6,0,NA,5,0,NA,1,0,NA,NA,NA,NA,NA,0,NA,NA,NA,NA,NA,NA,NA,NA,NA,NA,NA,NA,NA,NA,NA,NA,NA,NA,NA,NA
2020-03-15,6,0,NA,5.33333333333333,0,NA,0.333333333333333,0,NA,NA,NA,NA,NA,0,NA,NA,NA,NA,NA,NA,NA,NA,NA,NA,NA,NA,NA,NA,NA,NA,NA,NA,NA,NA
2020-03-16,8,0,NA,6,0,NA,0.666666666666667,0,NA,NA,NA,NA,NA,0,NA,NA,NA,NA,NA,NA,NA,NA,NA,NA,NA,NA,NA,NA,NA,NA,NA,NA,NA,NA
2020-03-17,16,0,NA,8,0,NA,2,0,NA,NA,NA,NA,NA,0,NA,NA,NA,NA,NA,NA,NA,NA,NA,NA,NA,NA,NA,NA,NA,NA,NA,NA,NA,NA
2020-03-18,19,0,NA,9.83333333333333,0,NA,1.83333333333333,0,NA,NA,NA,NA,NA,0,NA,NA,NA,NA,NA,NA,NA,NA,NA,NA,NA,NA,NA,NA,NA,NA,NA,NA,NA,NA
2020-03-19,30,0,NA,12.7142857142857,0,NA,2.88095238095238,0,NA,NA,NA,NA,NA,0,NA,NA,NA,NA,NA,NA,NA,NA,NA,NA,NA,NA,NA,NA,NA,NA,NA,NA,NA,NA
2020-03-20,39,0,NA,17.7142857142857,0,NA,5,0,NA,NA,NA,NA,NA,0,NA,NA,NA,NA,NA,NA,NA,NA,NA,NA,NA,NA,NA,NA,NA,NA,NA,NA,NA,NA
2020-03-21,45,0,NA,23.2857142857143,0,NA,5.57142857142857,0,NA,NA,NA,NA,NA,0,NA,NA,NA,NA,NA,NA,NA,NA,NA,NA,NA,NA,NA,NA,NA,NA,NA,NA,NA,NA
2020-03-22,56,0,NA,30.4285714285714,0,NA,7.14285714285714,0,NA,NA,NA,NA,NA,0,NA,NA,NA,NA,NA,NA,NA,NA,NA,NA,NA,NA,NA,NA,NA,NA,NA,NA,NA,NA
2020-03-23,68,0,NA,39,0,NA,8.57142857142857,0,NA,NA,NA,NA,NA,0,NA,NA,NA,NA,NA,NA,NA,NA,NA,NA,NA,NA,NA,NA,NA,NA,NA,NA,NA,NA
2020-03-24,104,0,NA,51.5714285714286,0,NA,12.5714285714286,0,NA,NA,NA,NA,NA,0,NA,NA,NA,NA,NA,NA,NA,NA,NA,NA,NA,NA,NA,NA,NA,NA,NA,NA,NA,NA
2020-03-25,119,0,NA,65.8571428571429,0,NA,14.2857142857143,0,NA,NA,NA,NA,NA,0,NA,NA,NA,NA,NA,NA,NA,NA,NA,NA,NA,NA,NA,NA,NA,NA,NA,NA,NA,NA
2020-03-26,130,0,NA,80.1428571428571,0,NA,14.2857142857143,0,NA,NA,NA,NA,NA,0,NA,NA,NA,NA,NA,NA,NA,NA,NA,NA,NA,NA,NA,NA,NA,NA,NA,NA,NA,NA
2020-03-27,163,1,NA,97.8571428571429,0.142857142857143,NA,17.7142857142857,0.142857142857143,NA,NA,NA,NA,NA,0,NA,NA,NA,NA,NA,NA,NA,NA,NA,NA,NA,NA,NA,NA,NA,NA,NA,NA,NA,NA
2020-03-28,214,1,NA,122,0.285714285714286,NA,24.1428571428571,0.142857142857143,NA,NA,NA,NA,NA,0,NA,NA,NA,NA,NA,NA,NA,NA,NA,NA,NA,NA,NA,NA,NA,NA,NA,NA,NA,NA
2020-03-29,232,1,NA,147.142857142857,0.428571428571429,NA,25.1428571428571,0.142857142857143,NA,NA,NA,NA,NA,0,NA,NA,NA,NA,NA,NA,NA,NA,NA,NA,NA,NA,NA,NA,NA,NA,NA,NA,NA,NA
2020-03-30,264,1,NA,175.142857142857,0.571428571428571,NA,28,0.142857142857143,NA,NA,NA,NA,NA,0,NA,NA,NA,NA,NA,NA,NA,NA,NA,NA,NA,NA,NA,NA,NA,NA,NA,NA,NA,NA
2020-03-31,319,3,NA,205.857142857143,1,NA,30.7142857142857,0.428571428571429,NA,NA,NA,NA,NA,0,NA,NA,NA,NA,NA,NA,NA,NA,NA,NA,NA,NA,NA,NA,NA,NA,NA,NA,NA,NA
2020-04-01,368,13,NA,241.428571428571,2.85714285714286,NA,35.5714285714286,1.85714285714286,NA,NA,NA,NA,NA,0,NA,NA,NA,NA,NA,NA,NA,NA,3.53260869565217,47.6190476190476,NA,NA,NA,NA,NA,NA,NA,NA,NA,NA
2020-04-02,393,16,NA,279,5.14285714285714,NA,37.5714285714286,2.28571428571429,NA,NA,NA,NA,NA,0,NA,NA,NA,NA,NA,NA,NA,NA,4.07124681933842,85.7142857142857,NA,NA,NA,NA,NA,NA,NA,NA,NA,NA
2020-04-03,450,17,NA,320,7.42857142857143,NA,41,2.28571428571429,NA,NA,NA,NA,NA,21.5021645021645,NA,NA,NA,NA,NA,NA,NA,NA,3.77777777777778,92.8571428571429,NA,NA,NA,NA,NA,NA,NA,NA,NA,NA
2020-04-04,593,17,NA,374.142857142857,9.71428571428571,NA,54.1428571428572,2.28571428571428,NA,NA,NA,NA,NA,21.5021645021645,NA,NA,NA,NA,NA,NA,NA,NA,2.86677908937605,60.7142857142857,NA,NA,NA,NA,NA,NA,NA,NA,NA,NA
2020-04-05,673,19,NA,437.142857142857,12.2857142857143,NA,63,2.57142857142857,NA,NA,NA,NA,NA,21.5021645021645,NA,NA,NA,NA,NA,NA,NA,NA,2.82317979197623,64.6616541353384,NA,NA,NA,NA,NA,NA,NA,NA,NA,NA
2020-04-06,783,24,NA,511.285714285714,15.5714285714286,NA,74.1428571428571,3.28571428571428,NA,NA,NA,NA,NA,21.5021645021645,NA,NA,NA,NA,NA,NA,NA,NA,3.06513409961686,51.9047619047619,NA,NA,NA,NA,NA,NA,NA,NA,NA,NA
2020-04-07,928,28,NA,598.285714285714,19.1428571428571,NA,87.0000000000001,3.57142857142857,NA,NA,NA,NA,NA,64.5064935064935,NA,NA,NA,NA,NA,NA,NA,NA,3.01724137931034,49.0842490842491,NA,NA,NA,NA,NA,NA,NA,NA,NA,NA
2020-04-08,1116,32,NA,705.142857142857,21.8571428571429,NA,106.857142857143,2.71428571428572,NA,NA,NA,NA,NA,279.528138528139,NA,NA,NA,NA,NA,NA,NA,NA,2.8673835125448,48.5714285714286,NA,NA,NA,NA,NA,NA,NA,NA,NA,NA
2020-04-09,1209,34,NA,821.714285714286,24.4285714285714,NA,116.571428571429,2.57142857142857,NA,NA,NA,NA,NA,344.034632034632,NA,NA,NA,NA,NA,NA,NA,NA,2.81224152191894,43.6224489795918,NA,NA,NA,NA,NA,NA,NA,NA,NA,NA
2020-04-10,1326,36,NA,946.857142857143,27.1428571428571,NA,125.142857142857,2.71428571428572,NA,NA,NA,NA,NA,344.034632034632,NA,NA,NA,NA,NA,NA,NA,NA,2.71493212669683,39.9159663865546,NA,NA,NA,NA,NA,NA,NA,NA,NA,NA
2020-04-11,1479,44,NA,1073.42857142857,31,NA,126.571428571428,3.85714285714286,NA,NA,NA,NA,NA,344.034632034632,NA,NA,NA,NA,NA,NA,NA,NA,2.97498309668695,29.8076923076923,NA,NA,NA,NA,NA,NA,NA,NA,NA,NA
2020-04-12,1625,49,NA,1209.42857142857,35.2857142857143,NA,136,4.28571428571428,NA,NA,NA,NA,NA,387.038961038961,NA,NA,NA,NA,NA,NA,NA,NA,3.01538461538462,29.6518607442977,NA,NA,NA,NA,NA,NA,NA,NA,NA,NA
2020-04-13,1758,54,NA,1348.71428571429,39.5714285714286,NA,139.285714285714,4.28571428571428,NA,NA,NA,NA,NA,494.549783549784,NA,NA,NA,NA,NA,NA,NA,NA,3.07167235494881,30.4395604395604,NA,NA,NA,NA,NA,NA,NA,NA,NA,NA
2020-04-14,1926,61,NA,1491.28571428571,44.2857142857143,NA,142.571428571428,4.71428571428572,NA,NA,NA,NA,NA,537.554112554112,NA,NA,NA,NA,NA,NA,NA,NA,3.16718587746625,27.1691498685364,NA,NA,NA,NA,NA,NA,NA,NA,NA,NA
2020-04-15,2014,68,NA,1619.57142857143,49.4285714285714,NA,128.285714285714,5.14285714285715,NA,NA,NA,NA,NA,408.541125541126,NA,NA,NA,NA,NA,NA,NA,NA,3.37636544190665,23.0974632843792,NA,NA,NA,NA,NA,NA,NA,NA,NA,NA
2020-04-16,2070,71,NA,1742.57142857143,54.7142857142857,NA,123,5.28571428571428,NA,NA,NA,NA,NA,387.03896103896,NA,NA,NA,NA,NA,NA,NA,NA,3.42995169082126,23.5837438423645,NA,NA,NA,NA,NA,NA,NA,NA,NA,NA
2020-04-17,2317,77,NA,1884.14285714286,60.5714285714286,NA,141.571428571428,5.85714285714285,NA,NA,NA,NA,NA,408.541125541126,NA,NA,NA,NA,NA,NA,NA,NA,3.32326283987915,22.9437229437229,NA,NA,NA,NA,NA,NA,NA,NA,NA,NA
2020-04-18,2538,87,NA,2035.42857142857,66.7142857142857,NA,151.285714285714,6.14285714285714,NA,NA,NA,NA,NA,580.558441558442,NA,NA,NA,NA,NA,NA,NA,NA,3.42789598108747,20.9135691894313,NA,NA,NA,NA,NA,NA,NA,NA,NA,NA
2020-04-19,2538,91,NA,2165.85714285714,72.7142857142857,NA,130.428571428571,6,NA,NA,NA,NA,NA,645.064935064935,NA,NA,NA,NA,NA,NA,NA,NA,3.58550039401103,19.7593167701863,NA,NA,NA,NA,NA,NA,NA,NA,NA,NA
2020-04-20,2745,101,NA,2306.85714285714,79.4285714285714,NA,141,6.71428571428572,NA,NA,NA,NA,NA,645.064935064936,NA,NA,NA,NA,NA,NA,NA,NA,3.67941712204007,20.2108324245729,NA,NA,NA,NA,NA,NA,NA,NA,NA,NA
2020-04-21,2931,106,NA,2450.42857142857,85.8571428571429,NA,143.571428571429,6.42857142857143,NA,NA,NA,NA,NA,709.571428571428,NA,NA,NA,NA,NA,NA,NA,NA,3.61651313544865,19.0793650793651,NA,NA,NA,NA,NA,NA,NA,NA,NA,NA
2020-04-22,3200,119,NA,2619.85714285714,93.1428571428571,NA,169.428571428571,7.28571428571428,NA,NA,NA,NA,NA,774.077922077923,NA,NA,NA,NA,NA,NA,NA,NA,3.71875,15.7070585401108,NA,NA,NA,NA,NA,NA,NA,NA,NA,NA
2020-04-23,3308,133,NA,2796.71428571429,102,NA,176.857142857143,8.85714285714286,NA,NA,NA,NA,NA,795.580086580086,NA,NA,NA,NA,NA,NA,NA,NA,4.02055622732769,15.1560178306092,NA,NA,NA,NA,NA,NA,NA,NA,NA,NA
2020-04-24,3442,149,NA,2957.42857142857,112.285714285714,NA,160.714285714286,10.2857142857143,NA,NA,NA,NA,NA,881.588744588744,NA,NA,NA,NA,NA,NA,NA,NA,4.32887855897734,14.3404488232074,NA,NA,NA,NA,NA,NA,NA,NA,NA,NA
2020-04-25,3576,157,NA,3105.71428571429,122.285714285714,NA,148.285714285714,10,NA,NA,NA,NA,NA,924.593073593074,NA,NA,NA,NA,NA,NA,NA,NA,4.3903803131991,13.1773399014778,NA,NA,NA,NA,NA,NA,NA,NA,NA,NA
2020-04-26,4034,170,NA,3319.42857142857,133.571428571429,NA,213.714285714286,11.2857142857143,NA,NA,NA,NA,NA,903.090909090908,NA,NA,NA,NA,NA,NA,NA,NA,4.21417947446703,11.9687660010241,NA,NA,NA,NA,NA,NA,NA,NA,NA,NA
2020-04-27,4162,183,NA,3521.85714285714,145.285714285714,NA,202.428571428571,11.7142857142857,NA,NA,NA,NA,NA,1010.60173160173,NA,NA,NA,NA,NA,NA,NA,NA,4.39692455550216,12.0170152428217,NA,NA,NA,NA,NA,NA,NA,NA,NA,NA
2020-04-28,4575,194,NA,3756.71428571429,157.857142857143,NA,234.857142857143,12.5714285714286,NA,NA,NA,NA,NA,967.597402597403,NA,NA,NA,NA,NA,NA,NA,NA,4.24043715846994,11.9047619047619,NA,NA,NA,NA,NA,NA,NA,NA,NA,NA
2020-04-29,4655,206,NA,3964.57142857143,170.285714285714,NA,207.857142857143,12.4285714285714,NA,NA,NA,NA,NA,1096.61038961039,NA,NA,NA,NA,NA,NA,NA,NA,4.42534908700322,11.5135709456196,NA,NA,NA,NA,NA,NA,NA,NA,NA,NA
2020-04-30,4734,212,NA,4168.28571428571,181.571428571429,NA,203.714285714286,11.2857142857143,NA,NA,NA,NA,NA,1333.1341991342,NA,NA,NA,NA,NA,NA,NA,NA,4.47824250105619,11.1736263736264,NA,NA,NA,NA,NA,NA,NA,NA,NA,NA
2020-05-01,4918,224,NA,4379.14285714286,192.285714285714,NA,210.857142857142,10.7142857142857,NA,NA,NA,NA,NA,1548.15584415584,NA,NA,NA,NA,NA,NA,NA,NA,4.55469703131354,10.9377539411669,NA,NA,NA,NA,NA,NA,NA,NA,NA,NA
2020-05-02,5038,236,NA,4588,203.571428571429,NA,208.857142857143,11.2857142857143,NA,NA,NA,NA,NA,1505.15151515152,NA,NA,NA,NA,NA,NA,NA,NA,4.68439857086145,10.5696484201157,NA,NA,NA,NA,NA,NA,NA,NA,NA,NA
2020-05-03,5208,248,NA,4755.71428571429,214.714285714286,NA,167.714285714285,11.1428571428571,NA,NA,NA,NA,NA,1698.670995671,NA,NA,NA,NA,NA,NA,NA,NA,4.76190476190476,10.6610866789616,NA,NA,NA,NA,NA,NA,NA,NA,NA,NA
2020-05-04,5288,258,NA,4916.57142857143,225.428571428571,NA,160.857142857143,10.7142857142857,NA,NA,NA,NA,NA,1763.17748917749,NA,NA,NA,NA,NA,NA,NA,NA,4.87897125567322,10.8902691511387,NA,NA,NA,NA,NA,NA,NA,NA,NA,NA
2020-05-05,5371,269,NA,5030.28571428571,236.142857142857,NA,113.714285714286,10.7142857142857,NA,NA,NA,NA,NA,1892.19047619048,NA,NA,NA,NA,NA,NA,NA,NA,5.00837832805809,10.1917504161786,NA,NA,NA,NA,NA,NA,NA,NA,NA,NA
2020-05-06,5778,272,NA,5190.71428571429,245.571428571429,NA,160.428571428571,9.42857142857144,NA,NA,NA,NA,NA,1870.68831168831,NA,NA,NA,NA,NA,NA,NA,NA,4.70751124956732,9.6757852077001,NA,NA,NA,NA,NA,NA,NA,NA,NA,NA
2020-05-07,5939,288,NA,5362.85714285714,256.428571428571,NA,172.142857142858,10.8571428571429,NA,NA,NA,NA,NA,1698.670995671,NA,NA,NA,NA,NA,NA,NA,NA,4.84930122916316,10.1035686142069,NA,NA,NA,NA,NA,NA,NA,NA,NA,NA
2020-05-08,6111,301,NA,5533.28571428571,267.428571428571,NA,170.428571428572,11,NA,NA,NA,NA,NA,1612.66233766233,NA,NA,NA,NA,NA,NA,NA,NA,4.92554410080183,9.7423887587822,NA,NA,NA,NA,NA,NA,NA,NA,NA,NA
2020-05-09,6277,305,NA,5710.28571428571,277.285714285714,NA,177,9.85714285714283,NA,NA,NA,NA,NA,1698.670995671,NA,NA,NA,NA,NA,NA,NA,NA,4.85900908077107,9.46044743383536,NA,NA,NA,NA,NA,NA,NA,NA,NA,NA
2020-05-10,6277,316,NA,5863,287,NA,152.714285714285,9.71428571428572,NA,NA,NA,NA,NA,1677.16883116883,NA,NA,NA,NA,NA,NA,NA,NA,5.03425203122511,8.96875,NA,NA,NA,NA,NA,NA,NA,NA,NA,NA
2020-05-11,6565,328,NA,6045.42857142857,297,NA,182.428571428572,10,NA,NA,NA,NA,NA,1612.66233766233,NA,NA,NA,NA,NA,NA,NA,NA,4.996191926885,8.9782345828295,NA,NA,NA,NA,NA,NA,NA,NA,NA,NA
2020-05-12,6741,339,NA,6241.14285714286,307,NA,195.714285714285,10,NA,NA,NA,NA,NA,1612.66233766235,NA,NA,NA,NA,NA,NA,NA,NA,5.028927458834,8.9192330040674,NA,NA,NA,NA,NA,NA,NA,NA,NA,NA
2020-05-13,6952,355,NA,6408.85714285714,318.857142857143,NA,167.714285714286,11.8571428571428,NA,NA,NA,NA,NA,1419.14285714286,NA,NA,NA,NA,NA,NA,NA,NA,5.10644418872267,8.91658676893576,NA,NA,NA,NA,NA,NA,NA,NA,NA,NA
2020-05-14,7223,367,NA,6592.28571428571,330.142857142857,NA,183.428571428572,11.2857142857143,NA,NA,NA,NA,NA,1634.1645021645,NA,NA,NA,NA,NA,NA,NA,NA,5.08099127786238,8.18400736596076,NA,NA,NA,NA,NA,NA,NA,NA,NA,NA
2020-05-15,7373,378,NA,6772.57142857143,341.142857142857,NA,180.285714285714,11,NA,NA,NA,NA,NA,1655.66666666667,NA,NA,NA,NA,NA,NA,NA,NA,5.12681405126814,8.19660877325462,NA,NA,NA,NA,NA,NA,NA,NA,NA,NA
2020-05-16,7547,388,NA,6954,353,NA,181.428571428572,11.8571428571428,NA,NA,NA,NA,NA,1483.64935064934,NA,NA,NA,NA,NA,NA,NA,NA,5.14111567510269,7.71584699453552,NA,NA,NA,NA,NA,NA,NA,NA,NA,NA
2020-05-17,7670,398,NA,7153,364.714285714286,NA,199,11.7142857142857,NA,NA,NA,NA,NA,1462.14718614719,NA,NA,NA,NA,NA,NA,NA,NA,5.1890482398957,7.83489335583858,NA,NA,NA,NA,NA,NA,NA,NA,NA,NA
2020-05-18,7869,405,NA,7339.28571428571,375.714285714286,NA,186.285714285715,11,NA,NA,NA,NA,NA,1505.15151515152,NA,NA,NA,NA,NA,NA,NA,NA,5.14677849790316,7.93650793650794,NA,NA,NA,NA,NA,NA,NA,NA,NA,NA
2020-05-19,8037,416,NA,7524.42857142857,386.714285714286,NA,185.142857142857,11,NA,NA,NA,NA,NA,1505.15151515151,NA,NA,NA,NA,NA,NA,NA,NA,5.17606071917382,7.8632428978098,NA,NA,NA,NA,NA,NA,NA,NA,NA,NA
2020-05-20,8194,425,NA,7701.85714285714,396.714285714286,NA,177.428571428572,10,NA,NA,NA,NA,NA,1784.67965367965,NA,NA,NA,NA,NA,NA,NA,NA,5.18672199170125,7.87443997050984,NA,NA,NA,NA,NA,NA,NA,NA,NA,NA
2020-05-21,8386,430,NA,7868,405.714285714286,NA,166.142857142857,9,NA,NA,NA,NA,NA,1698.670995671,NA,NA,NA,NA,NA,NA,NA,NA,5.12759360839494,7.79021285933728,NA,NA,NA,NA,NA,NA,NA,NA,NA,NA
2020-05-22,8529,435,NA,8033.14285714286,413.857142857143,NA,165.142857142857,8.14285714285711,NA,NA,NA,NA,NA,1655.66666666666,NA,NA,NA,NA,NA,NA,NA,NA,5.10024621878298,7.82634536416685,NA,NA,NA,NA,NA,NA,NA,NA,NA,NA
2020-05-23,8529,441,NA,8173.42857142857,421.428571428571,NA,140.285714285715,7.57142857142861,NA,NA,26381.787878788,79935.064935065,NA,1784.67965367965,43997.5054945055,12853.1611170784,134578.754578755,39462.9430719656,70.388814257642,21.32330162041,NA,NA,5.17059444249033,7.84637072106817,0.55169780666125,NA,34.9297875263487,0.508871969062544,8.20887452555907,13.8204692901724,4.05261881441146,NA,34.9297875263487,0.508871969062544
2020-05-24,8809,449,NA,8336.14285714286,428.714285714286,NA,162.714285714285,7.28571428571428,NA,NA,25062.8283950146,80386.5686547549,451.503719689892,1763.1774891775,41737.8811506557,12200.8708039707,135318.364667139,39686.9975494057,72.622644087881,22.0000089600806,739.610088384652,224.054477440106,5.09705982517879,7.41976956930228,0.558551021039808,NA,36.0383045849635,0.61676747027867,8.25524137827594,13.8964230210954,4.07562792929352,1.71142199218772,36.0383045849635,0.61676747027867
2020-05-25,8965,455,NA,8492.71428571429,435.857142857143,NA,156.571428571429,7.14285714285711,NA,NA,23821.8090976149,80808.3588811647,421.790226409794,1655.66666666666,39612.1617666124,11586.9697133169,136009.300960752,39896.3069850677,74.8038080921844,22.6607619282597,690.936293612351,209.309435661984,5.07529280535416,7.3388978423496,0.563060562421661,NA,37.1206867224374,0.624718412073056,8.29855682497655,13.9673782313529,4.09712281261864,1.6829314703112,37.1206867224374,0.624718412073056
2020-05-26,9066,465,NA,8639.71428571429,442.857142857143,NA,147,7,NA,NA,22544.1887144326,81193.4051646491,385.046283484378,1655.66666666666,37426.3948366444,10954.9776434671,136640.046851296,40087.3825843908,76.9329001299896,23.3057404263142,630.745890544757,191.075599323078,5.12905360688286,7.24688500829885,0.572706612140535,NA,38.1772286359347,0.617086701407765,8.33809887864504,14.0321522310638,4.11674518511578,1.61636037761267,38.1772286359347,0.617086701407765
2020-05-27,9096,475,NA,8768.57142857143,450,NA,128.857142857143,7.14285714285717,NA,NA,21360.5425933463,81522.0534158571,328.648251208026,1505.15151515152,35403.5094587899,10369.0436929387,137178.406894687,40250.4711902534,79.0105122154758,23.9351237966161,538.360043390945,163.088605862635,5.22207563764292,7.16902979130158,0.582664420358683,NA,39.2082241069279,0.571582673314773,8.37184917658253,14.0874387320426,4.13349345326521,1.45779586646925,39.2082241069279,0.571582673314773
2020-05-28,9171,483,NA,8880.71428571429,457.571428571429,NA,112.142857142857,7.57142857142856,NA,NA,20277.2002523928,81800.9188671114,278.865451254329,1354.63636363636,33554.0563578656,9832.16489431305,137635.217530027,40388.8555495225,81.0372340741271,24.5490906882094,456.81063533944,138.384359269068,5.26660124304874,7.28965156239332,0.590457915007839,NA,40.2139657811458,0.525007937722464,8.40048706535787,14.13435057468,4.14770473641688,1.30551670228262,40.2139657811458,0.525007937722464
2020-05-29,9236,490,NA,8981.71428571429,465.428571428571,NA,101,7.85714285714289,NA,NA,19288.8966339427,82046.0957681418,245.176901030354,1225.62337662337,31868.0552677816,9341.87244348171,138036.842813569,40510.5222823646,83.0136534783578,25.1478191584829,401.625283542438,121.666732842124,5.30532698137722,7.08954411924709,0.597225249309505,NA,41.1947453351249,0.498105226316286,8.42566533247705,14.1755951969439,4.16019921483693,1.20912600348474,41.1947453351249,0.498105226316286
2020-05-30,9422,494,NA,9109.28571428571,473,NA,127.571428571428,7.57142857142856,NA,NA,18444.3649240517,82348.750205437,302.65443729519,1139.61471861473,30422.4427969811,8922.78151977642,138532.622284161,40660.7117023758,84.9403563592962,25.7314867070338,495.779470591398,150.189420011149,5.24304818509871,7.01676309152945,0.599887671358228,NA,42.1508535316808,0.661385701235211,8.45674621421997,14.2265089163453,4.1756228102883,1.56906039282003,42.1508535316808,0.661385701235211
2020-05-31,9498,497,NA,9207.71428571429,479.857142857143,NA,98.4285714285725,6.85714285714283,NA,NA,17569.3622862626,82577.2151001155,228.464894678487,1096.61038961039,28928.9887779183,8488.78558136767,138906.871561801,40774.0852591335,86.8179267224513,26.30027025012,374.249277640512,113.373556757739,5.23268056432933,6.90243301002795,0.601860936333883,NA,43.0825801780586,0.533663330820131,8.48020825375712,14.2649421791934,4.18726562690072,1.2386704319679,43.0825801780586,0.533663330820131
2020-06-01,9605,500,NA,9299.14285714286,486.285714285714,NA,91.4285714285706,6.42857142857144,NA,NA,16695.6639228815,82785.0535332712,207.838433155688,1075.10822510822,27438.6622188566,8055.58080813236,139247.332548527,40877.2231282183,88.646946305842,26.8543460170952,340.46098672584,103.137869084778,5.20562207183758,6.7324617788414,0.603973759344192,NA,43.9902139562825,0.520399398356028,8.5015520735282,14.2999055775862,4.19785729686231,1.18295945959402,43.9902139562825,0.520399398356028
2020-06-02,9685,501,NA,9387.57142857143,491.428571428571,NA,88.4285714285725,5.14285714285717,NA,NA,15833.9745216948,82982.1130498333,197.059516562134,1053.60606060606,25968.4515662457,7628.91109454667,139570.136547931,40975.0120612491,90.4279949559229,27.3938896642902,322.803999403724,97.788933030839,5.17294785751162,6.66524578093817,0.603744568060269,NA,44.8740426097061,0.529664294450414,8.5217889601416,14.3330557042498,4.20789966164791,1.18030356547883,44.8740426097061,0.529664294450414
2020-06-03,9712,505,NA,9475.57142857143,495.714285714286,NA,88,4.28571428571428,NA,NA,14946.9961176471,83174.5285851796,192.415535346285,1075.10822510823,24455.0035523964,7190.19571036835,139885.333222726,41070.496462248,92.1616505726465,27.9190762583704,315.196674795472,95.4844009989101,5.1997528830313,6.56836207386095,0.607157033036654,NA,45.7343529157494,0.555783230075722,8.54154893641371,14.3654246021342,4.21770536415888,1.21520680156867,45.7343529157494,0.555783230075722
2020-06-04,9746,517,NA,9557.71428571429,500.571428571429,NA,82.1428571428569,4.85714285714283,NA,NA,13978.9046166681,83350.9089456724,176.380360492825,1139.61471861471,22805.2552860559,6711.1567485506,140174.262612063,41158.0235584325,93.8484888951324,28.4300802114072,288.929389337107,87.5270961844071,5.30474040632054,6.52635500093127,0.620269180672016,NA,46.5714305795394,0.549578282800088,8.55966219183215,14.3950959998586,4.22669389692292,1.18003884596305,46.5714305795394,0.549578282800088
2020-06-05,9773,521,NA,9634.42857142857,505,NA,76.7142857142844,4.42857142857144,NA,NA,12953.7508005765,83512.8027486285,161.893802956052,1182.61904761905,21059.2307430663,6204.16097730001,140439.461512297,41238.3618365911,95.4890837500916,28.9270753561349,265.198900233838,80.3382781586406,5.33101401821345,6.41758800355827,0.623856442189107,NA,47.3855603571883,0.548804766629946,8.5762877605486,14.4223304119168,4.23494417914311,1.15812939136171,47.3855603571883,0.548804766629946
2020-06-06,9845,521,NA,9694.85714285714,508.857142857143,NA,60.4285714285725,3.85714285714283,NA,NA,11935.7092039367,83638.2330134605,125.430264832059,1139.61471861471,19327.020916806,5700.8385093649,140644.929341714,41300.6054266581,97.084007145944,29.4102349744619,205.46782941735,62.2435900670389,5.29202640934485,6.33143141541798,0.622920859550143,NA,48.1770261024985,0.466511986273842,8.58916873220416,14.4434307842264,4.24133624026542,0.968293020014534,48.1770261024985,0.466511986273842
2020-06-07,9942,524,NA,9758.28571428571,512.714285714286,NA,63.4285714285706,3.85714285714283,NA,NA,11029.3367482906,83767.8215967755,129.588583314951,1032.1038961039,17784.0587464822,5252.57097498414,140857.208929632,41364.9125431904,98.6338291140499,29.8797317493741,212.27958791799,64.3071165322326,5.27056930195132,6.25719167334984,0.625538530203549,NA,48.9461106881751,0.531439828752656,8.60247673941278,14.4652306852207,4.24794021376744,1.08572168692087,48.9461106881751,0.531439828752656
2020-06-08,9972,527,NA,9810.71428571429,516.571428571429,NA,52.4285714285725,3.85714285714289,NA,NA,10163.3869424723,83873.3263364117,105.504739636264,967.597402597399,16311.1062718665,4824.74932128278,141030.036674797,41417.8706961485,99,30.3357376899633,172.827745164483,52.9581529581556,5.28479743281187,6.15992640795884,0.628328484178903,NA,49.6930958830141,0.475376184480371,8.61331147345884,14.4829791073399,4.25337871354338,0.956582812222286,49.6930958830141,0.475376184480371
2020-06-09,10020,531,NA,9858.57142857143,520.857142857143,NA,47.8571428571431,4.28571428571433,NA,NA,9479.94356018303,83968.2465904861,94.9202540743572,774.077922077937,15148.7713521522,4487.26602429573,141185.525930907,41466.2112444891,99,30.7784242168623,155.489256109897,48.3405483405513,5.29940119760479,6.10689580088103,0.632381908115447,NA,50.4182624918549,0.470899930869116,8.62305924130345,14.4989469656823,4.25834301170397,0.933943129506266,50.4182624918549,0.470899930869116
2020-06-10,10056,533,NA,9907.71428571429,524.857142857143,NA,49.1428571428569,4,NA,NA,8927.0074199293,84064.3753852973,96.1287948111858,645.064935064918,14207.6249391667,4214.95683140006,141342.994902537,41515.8504941283,99,31.2079621999287,157.46897162986,49.6392496392509,5.30031821797932,6.15379461668593,0.634037899594292,0.666791226645003,51.1218904173091,0.518413527643602,8.63293111937772,14.5151181294992,4.26344067906888,1.01402285995603,51.1218904173091,0.518413527643602
2020-06-11,10106,535,NA,9959.14285714286,527.428571428571,NA,51.4285714285706,2.57142857142856,NA,NA,8292.63719310239,84163.6501801154,99.2747948181059,731.073593073597,13127.1118551291,3903.99188657046,141505.617349635,41567.7985460764,99,31.6245219195429,162.622447097907,51.9480519480494,5.29388482089848,5.98738303358578,0.635666346284966,0.665534067385963,51.8042585963641,0.576131240159605,8.64312607368062,14.5318185258065,4.26877544724146,1.11207250255531,51.8042585963641,0.576131240159605
2020-06-12,10173,537,NA,10016.2857142857,529.714285714286,NA,57.1428571428569,2.28571428571422,NA,NA,7732.69918861348,84272.5649894793,108.914809363909,666.567099567095,12172.1373710621,3630.87950605208,141684.031143956,41625.5186037964,99,32.0282730156849,178.41379432127,57.7200577200638,5.27867885579475,5.90869253445941,0.637218055564156,0.664535213231718,52.4656449169643,0.689118136549123,8.65431100240708,14.5501406032628,4.27470296743322,1.31339170914774,52.4656449169643,0.689118136549123
2020-06-13,10229,540,NA,10071.1428571429,532.428571428571,NA,54.8571428571431,2.71428571428578,NA,NA,7252.72327485798,84375.8618029965,103.296813517227,580.558441558445,11353.4801715596,3397.42287746762,141853.242076322,41680.9298592077,99,32.4193845457803,169.210932365706,55.4112554112507,5.27910841724509,5.87280577353377,0.639993463131446,0.66507864635675,53.1063263127693,0.709460028601359,8.66491899505389,14.5675175993692,4.28039338681731,1.33584419874153,53.1063263127693,0.709460028601359
2020-06-14,10264,541,NA,10117.1428571429,534.857142857143,NA,46,2.42857142857144,NA,NA,6755.35496505757,84461.4805061831,85.6187031865993,580.558441558431,10506.1501015653,3155.30535422228,141993.49442391,41727.3945056723,99,32.7980249821747,140.252347588044,46.4646464646503,5.27084957131722,5.88013569543913,0.640528672665637,0.6636241082401,53.7265787590171,0.634284294870533,8.67371154675908,14.58192071425,4.28516504057167,1.18050420430905,53.7265787590171,0.634284294870533
2020-06-15,10340,543,NA,10169.7142857143,537.142857142857,NA,52.5714285714294,2.28571428571422,NA,NA,6269.27989444169,84558.2495914114,96.7690852282685,580.558441558445,9677.2283751044,2919.96849475761,142152.012257888,41780.4969587748,99,33.1643621742151,158.517833978724,53.1024531024595,5.25145067698259,5.8569715095721,0.642160880368026,0.663806724325583,54.3266772104091,0.778270386332341,8.68364917900142,14.5981995902383,4.29061835914809,1.43247965101481,54.3266772104091,0.778270386332341
2020-06-16,10403,544,NA,10224.4285714286,539,NA,54.7142857142844,1.85714285714289,NA,NA,5722.00702279776,84657.8987976895,99.6492062781617,645.064935064947,8743.99161967263,2655.42986463251,142315.248029929,41835.7639140418,99,33.5185633824363,163.23577204076,55.266955266954,5.22926079015668,5.83585967951494,0.642586229667735,0.663041909437491,54.9068956571106,0.872798047893291,8.69388258322238,14.6149629715135,4.2962939597317,1.58948408678499,54.9068956571106,0.872798047893291
2020-06-17,10444,547,NA,10279.8571428571,541,NA,55.4285714285725,2,NA,NA,5217.87622116711,84757.8286021195,99.9298044299649,602.060606060608,7884.04601505151,2412.66644092172,142478.943450949,41891.7523700302,99,33.8607953009394,163.695421019918,55.9884559884595,5.23745691306013,5.7418807047336,0.645368114098102,0.664248089540386,55.4675071614101,0.968764861338065,8.70414480327056,14.6317735561131,4.3020436543177,1.7464117753058,55.4675071614101,0.968764861338065
2020-06-18,10499,548,NA,10336,542.857142857143,NA,56.1428571428569,1.85714285714289,NA,NA,4929.21949638815,84858.0679812367,100.239379117149,387.038961038968,7389.6221780054,2276.75018925359,142643.145987529,41948.4623267402,99,34.1912240286558,164.202536580211,56.7099567099576,5.21954471854462,5.71548897512258,0.645784205364151,0.663621314106576,56.0087838106456,1.07605970301849,8.71443881487061,14.6486362185837,4.3078674429061,1.92107621699634,56.0087838106456,1.07605970301849
2020-06-19,10611,552,NA,10398.5714285714,545,NA,62.5714285714294,2.14285714285711,NA,NA,4693.7271751197,84968.7531491457,110.685167909018,344.034632034614,6984.9982749566,2168.23829262891,142824.459813418,42011.6657899436,99,34.5100150331395,181.313825888938,63.2034632034629,5.2021487135991,5.67412805830297,0.649650582763141,0.666787030315988,56.5309966578939,1.2695064281658,8.72580554930616,14.667256112715,4.31435807751607,2.24549075142873,56.5309966578939,1.2695064281658
2020-06-20,10681,552,NA,10463.1428571429,546.714285714286,NA,64.5714285714275,1.71428571428567,NA,NA,4396.68661437729,85081.9679996587,113.214850513017,408.541125541131,6475.48528828649,2030.38032519953,143009.917522719,42076.8894551673,99,34.8173331887575,185.457709300594,65.2236652236752,5.16805542552196,5.64495906777786,0.648786121169899,0.665203595946643,57.0344157845291,1.37581650374041,8.73743206769389,14.68630156,4.32105617533276,2.41204582816704,57.0344157845291,1.37581650374041
2020-06-21,10775,555,NA,10536.1428571429,548.714285714286,NA,73,2,NA,NA,4156.06371792009,85208.8818997383,126.913900079599,365.536796536806,6061.10141538395,1921.94691483378,143217.815701098,42150.6268289047,99,35.1133427762563,207.898178379546,73.7373737373709,5.1508120649652,5.6498587903036,0.651340549982859,0.667271590763055,57.5193102995136,1.66049229859195,8.75046540021384,14.7076515152643,4.32862858237773,2.88658053691128,57.5193102995136,1.66049229859195
2020-06-22,10820,557,NA,10604.7142857143,550.714285714286,NA,68.5714285714294,2,NA,NA,3928.28433656206,85327.1371504149,118.255250676593,344.034632034614,5669.02095299627,1819.63848141257,143411.530110505,42219.8908981687,99,35.3982074855902,193.71440940717,69.2640692640707,5.14787430683919,5.65066987188883,0.652781774475943,0.66825905925399,57.9859483440302,1.65006692141496,8.76260953890418,14.7275448784824,4.33574160660784,2.84536664264075,57.9859483440302,1.65006692141496
2020-06-23,10847,557,NA,10668.1428571429,552.571428571429,NA,63.4285714285706,1.85714285714289,NA,NA,3755.44531826201,85435.6834135001,108.546263085227,279.528138528141,5370.64055396183,1744.0729441929,143589.340187661,42283.960162238,99,35.6720903804124,177.810077156028,64.069264069265,5.13506038536001,5.65406148134072,0.651952413494694,0.66696360518106,58.4345970333159,1.61481826031581,8.7737566200332,14.7458049576347,4.34232115402069,2.76319771649279,58.4345970333159,1.61481826031581
2020-06-24,10889,559,NA,10731.7142857143,554.285714285714,NA,63.5714285714294,1.71428571428578,NA,NA,3560.69506284603,85543.6777468287,107.994333328606,301.030303030304,5035.01171419313,1658.19628284255,143766.246146428,42348.1737264516,99,35.9351539172741,176.905958766089,64.2135642135618,5.13362108549913,5.63012406587826,0.653467345248344,0.668354626657447,58.8655224881111,1.69294488907735,8.78484702112922,14.7639721889932,4.34891552023402,2.87567316726597,58.8655224881111,1.69294488907735
2020-06-25,10980,559,NA,10800.4285714286,555.857142857143,NA,68.7142857142844,1.57142857142856,NA,NA,3395.5122580162,85659.5945090985,115.916762269742,279.528138528141,4748.99067427957,1588.25556524769,143956.129868419,42417.5820958599,99,36.18755994127,189.883721991209,69.4083694083674,5.09107468123862,5.59099922407104,0.652583056461498,0.667320683938519,59.2789898275267,1.92999195784325,8.7967510104192,14.7834721624972,4.3560433632646,3.25545322539052,59.2789898275267,1.92999195784325
2020-06-26,11017,561,NA,10858.4285714286,557.142857142857,NA,58,1.28571428571422,NA,NA,3168.88677710172,85756.7872100022,97.1927009037026,322.532467532466,4359.609028234,1486.5814882804,144115.341628967,42476.1679544458,99,36.4294696575355,159.211760547856,58.5858585858659,5.0921303440138,5.58707237407598,0.654175626503144,0.668865805738832,59.6752631223538,1.7083091646668,8.80673214557143,14.7998223007799,4.36205979625924,2.8623869837091,59.6752631223538,1.7083091646668
2020-06-27,11091,562,NA,10917,558.571428571429,NA,58.5714285714294,1.42857142857144,NA,NA,3006.96251788364,85854.3174962386,97.5302862364624,258.025974025964,4080.09906342038,1417.13659900092,144275.106389428,42535.3310136089,99,36.6610436509297,159.764760461054,59.1630591630601,5.06717158056081,5.57456515540348,0.654597248443122,0.669300625915031,60.0546054273065,1.84852174668426,8.81674794880881,14.8162292289947,4.36813550445579,3.077746006617,60.0546054273065,1.84852174668426
2020-06-28,11226,564,NA,10981.4285714286,559.857142857143,NA,64.4285714285706,1.28571428571433,NA,NA,2811.28581426713,85960.9568099381,106.639313699503,301.030303030304,3742.67913188826,1332.55430994494,144449.792685002,42600.4103786882,99,36.8824418749186,174.686295574124,65.0793650793639,5.02405130946018,5.56739402204796,0.656111822076409,0.670914400321165,60.4172787628111,2.14287506685572,8.82769919712971,14.8341685136236,4.37481878347199,3.54641313502497,60.4172787628111,2.14287506685572
2020-06-29,11376,565,NA,11060.8571428571,561,NA,79.4285714285725,1.14285714285711,NA,NA,2639.83013050459,86091.6742863487,130.717476410617,301.030303030304,3444.84459423635,1263.26639318334,144663.921517313,42680.6412589191,99,37.0938236440028,214.128832311457,80.2308802308835,4.96659634317862,5.55115772808233,0.656277165804394,0.671311188132722,60.7635441026019,2.8256573294455,8.84112313521025,14.856158321453,4.38305803653854,4.6497398360292,60.7635441026019,2.8256573294455
2020-06-30,11474,566,NA,11150.4285714286,562.285714285714,NA,89.5714285714275,1.28571428571433,NA,NA,2505.62957043134,86238.2875790893,146.6132927406,279.528138528141,3209.39338062034,1214.67921094203,144904.089351316,42771.1174493953,99,37.2953476235677,240.167834003048,90.4761904761908,4.93289175527279,5.5272359607364,0.65632100994691,0.671630203816225,61.0936613570954,3.39345358282059,8.8561794828202,14.8808221860036,4.39234942443912,5.55389117831515,61.0936613570954,3.39345358282059
2020-07-01,11510,567,NA,11239.1428571429,563.428571428571,NA,88.7142857142862,1.14285714285711,NA,NA,2390.92798381312,86382.75482364,144.467244550629,258.025974025993,3007.05675332408,1175.96736639559,145140.741735009,42860.7278390057,99,37.4871718298228,236.652383692795,89.6103896103887,4.92615117289314,5.50814909989805,0.656381011647051,0.671993136288018,61.40788937329,3.54099037642295,8.87101544354073,14.90512503389,4.40155189953682,5.76570640191478,61.40788937329,3.54099037642295
2020-07-02,11731,568,NA,11346.4285714286,564.714285714286,NA,107.285714285714,1.28571428571422,NA,NA,2326.98302655734,86556.6193901937,173.864566553748,236.523809523802,2889.22032168359,1166.46996488316,145425.549992013,42969.0972473751,99,37.6694536226666,284.808257004188,108.369408369414,4.8418719631745,5.5018928849794,0.656217865255896,0.672495907715493,61.7064859230786,4.48768840563177,8.88887034129355,14.9343732148666,4.41268081869684,7.27184456122613,61.7064859230786,4.48768840563177
2020-07-03,11923,568,NA,11475.8571428571,565.714285714286,NA,129.428571428572,1,NA,NA,2341.25396666296,86765.4098108188,208.790420625097,193.519480519477,2901.85614758896,1200.82136285863,145767.570433303,43099.833178111,99,37.8423496971195,342.020441289962,130.735930735937,4.76390170259163,5.47112462006079,0.654638756664036,0.671726298432852,61.9897076892144,5.56264965253252,8.91031192473934,14.9694967603345,4.42610665193117,8.97258029999438,61.9897076892144,5.56264965253252
2020-07-04,11996,569,NA,11605.1428571429,566.714285714286,NA,129.285714285714,1,NA,NA,2332.89416152345,86973.0716507009,207.66183988213,215.021645021639,2876.15606127985,1224.43017927196,146107.742141866,43230.4248087027,99,38.0060160887469,340.171708562702,130.591630591633,4.74324774924975,5.44760439982972,0.654225485199837,0.672116846839965,62.2578102741948,5.52257853136894,8.93163760939005,15.0044304515125,4.43951766636502,8.86968448698947,62.2578102741948,5.52257853136894
2020-07-05,12128,571,NA,11734,567.714285714286,NA,128.857142857143,1,NA,NA,2344.5096709442,87179.2066406412,206.134989940241,193.519480519491,2884.44201532839,1258.20437667021,146445.412711299,43360.5835388614,99,38.160608155298,337.670569433161,130.158730158728,4.70811345646438,5.43579362039722,0.65497269590179,0.673684082541163,62.5110481701837,5.52393885244314,8.95280649527413,15.0391072899901,4.45288422439743,8.83601979635582,62.5110481701837,5.52393885244314
2020-07-06,12293,572,NA,11865,568.714285714286,NA,131,1,NA,NA,2380.25837729125,87387.9726630056,208.766022364362,172.017316017314,2933.52505383032,1304.74135765081,146787.393185698,43492.9067711846,99,38.3062805647278,341.980474399345,132.323232323237,4.65305458390954,5.41684242036657,0.654552317177336,0.674066725307106,62.7496747393903,5.58791633611595,8.97424557315793,15.0742267310866,4.46647306443703,8.90446411680979,62.7496747393903,5.58791633611595
2020-07-07,12414,573,NA,11999.2857142857,569.714285714286,NA,134.285714285714,1,NA,NA,2398.97902360975,87601.2127898435,213.240126837991,193.519480519491,2953.44996166765,1343.99896053247,147136.70270892,43628.5489068268,99,38.4431873048016,349.309523221949,135.642135642134,4.61575640405993,5.36909137418043,0.654100533259322,0.674365550585652,62.9739422298021,5.64197649829317,8.99614411601205,15.1100988236288,4.48040273688766,8.95869662186253,62.9739422298021,5.64197649829317
2020-07-08,12462,574,NA,12135.2857142857,570.714285714286,NA,136,1,NA,NA,2441.20572666328,87816.4568089144,215.244019070844,172.017316017314,3013.14463304807,1395.58644656357,147489.294816198,43765.9226442005,99,38.5714816619032,352.592107277858,137.373737373739,4.60600224683036,5.34326641432718,0.653636027753892,0.674643539042612,63.1841017404708,5.66934827020207,9.01824844715089,15.1463080188011,4.49451023494404,8.9723176798339,63.1841017404708,5.66934827020207
2020-07-09,12531,574,NA,12249.5714285714,571.571428571429,NA,114.285714285716,0.85714285714289,NA,NA,2427.1462179348,87996.7739235625,180.317114648133,193.519480519462,2979.28107721356,1414.78488638607,147784.673018605,43881.3627596406,99,38.6913162021877,295.378202407213,115.44011544012,4.58064001276833,5.30460722572091,0.652296640441159,0.673638694937227,63.3804031906389,4.68169625222856,9.03676598473167,15.1766416727878,4.50636527532756,7.38639569286102,63.3804031906389,4.68169625222856
2020-07-10,12652,575,NA,12353.7142857143,572.571428571429,NA,104.142857142857,1,NA,NA,2439.47276827111,88160.615625414,163.841701851459,150.515151515152,2991.26058217822,1444.79172165606,148053.06277998,43986.5575648354,99,38.8028427796047,268.389761374914,105.194805194806,4.54473601011698,5.29178769474518,0.65221867601642,0.673877056236386,63.5630953328814,4.29087022253841,9.05359159153696,15.2042037680568,4.51716818087703,6.75038449026231,63.5630953328814,4.29087022253841
2020-07-11,12743,576,NA,12460.4285714286,573.571428571429,NA,106.714285714284,1,NA,NA,2455.39873402998,88328.056742688,167.441117274022,150.515151515152,3009.13630425633,1477.39595952346,148327.348758469,44094.3497726276,99,38.9062125240276,274.285978488362,107.792207792205,4.52012869810877,5.28783468766874,0.652114425745795,0.674191364762915,63.7324257336617,4.37456435784785,9.07078683774385,15.2323713711401,4.52823782483514,6.86382399721109,63.7324257336617,4.37456435784785
2020-07-12,12804,579,NA,12557,574.714285714286,NA,96.5714285714294,1.14285714285711,NA,NA,2454.89659194801,88479.212609264,151.155866576039,150.515151515152,3000.19223347015,1499.61203000269,148574.957801236,44191.8966701745,99,39.0015758278703,247.60904276697,97.5468975468975,4.52202436738519,5.27793448171812,0.654390995269071,0.676847214487998,63.8886407514078,3.93306567586477,9.08630968173644,15.2577994053216,4.53825533395921,6.15606192514201,63.8886407514078,3.93306567586477
2020-07-13,12879,581,NA,12640.7142857143,576,NA,83.7142857142862,1.28571428571433,NA,NA,2433.83395799136,88609.9508411082,130.738231844211,150.515151515152,2957.65909464625,1508.69823035204,148789.120633108,44276.4565547344,99,39.0890823503395,214.162831872061,84.559884559887,4.51121981520304,5.24590163934426,0.655682566669996,0.67826611056195,64.0319855434776,3.4101046013137,9.09973575128144,15.2797927047116,4.54693915104013,5.32561054803808,64.0319855434776,3.4101046013137
2020-07-14,12969,581,NA,12720,577.142857142857,NA,79.2857142857138,1.14285714285711,NA,NA,2405.74573259238,88733.5206243673,123.569783259023,150.515151515152,2903.52614804247,1513.45398337096,148991.540800057,44356.543134821,99,39.1688809868227,202.420166949334,80.0865800865868,4.47991364021898,5.23865714026375,0.654769466952098,0.677497395718943,64.1627040160139,3.25763569260424,9.11242566210779,15.3005800994961,4.5551635853062,5.07716571433678,64.1627040160139,3.25763569260424
2020-07-15,13050,581,NA,12804,578.142857142857,NA,84,1,NA,NA,2384.90675170589,88864.1967949959,130.676170628649,150.515151515137,2861.17706077342,1523.11449829464,149205.601969198,44441.3916196695,99,39.241119880361,214.061169141205,84.8484848484877,4.45210727969349,5.21272073882298,0.653806618362095,0.676727760401164,64.2810388427377,3.4916071583248,9.12584535832049,15.3225629587044,4.56387703998808,5.43183632660278,64.2810388427377,3.4916071583248
2020-07-16,13114,581,NA,12887.2857142857,579.142857142857,NA,83.2857142857138,1,NA,NA,2384.2450543787,88993.5480846817,129.351289685816,129.012987013004,2853.14486010469,1534.09862527877,149417.492845453,44525.5186037965,99,39.3059464182583,211.890876254358,84.1269841269823,4.43037974683544,5.15894225140617,0.652856316558083,0.675888242245379,64.3872314593938,3.49214312578724,9.13912899682898,15.3443229412314,4.57251640066756,5.42374621537268,64.3872314593938,3.49214312578724
2020-07-17,13337,581,NA,12985.1428571429,580,NA,97.8571428571431,0.85714285714289,NA,NA,2384.63273680529,89145.3080614806,151.759976798887,150.515151515152,2845.47609902921,1557.89911134242,149666.091483645,44624.3642026421,99,39.3635072053818,248.598638191907,98.8455988456044,4.35630201694534,5.09845288326301,0.651744901256388,0.67486200589797,64.4815220200146,4.10423058901643,9.15471387949037,15.3698526012098,4.58266727899595,6.36511656048851,64.4815220200146,4.10423058901643
2020-07-18,13429,583,NA,13083.1428571429,581,NA,98,1,NA,NA,2384.90460777981,89297.0950839703,151.787022489676,150.515151515152,2837.70878446742,1581.70104040751,149914.734425493,44723.354101632,99,39.4139480780881,248.642941848491,98.9898989899011,4.34135080795294,5.06362210214398,0.652876781099964,0.676033831800439,64.5641494197316,4.10952297382275,9.1703015395897,15.3953868109206,4.59283297612481,6.36521591551353,64.5641494197316,4.10952297382275
2020-07-19,13519,586,NA,13185.2857142857,582,NA,102.142857142857,1,NA,NA,2369.91669076052,89455.1244829683,158.029398998013,172.0173160173,2803.67995288756,1599.08939223947,150173.603029811,44826.5287048066,99,39.4574140854762,258.86860431754,103.174603174601,4.33464013610474,5.05647263249348,0.655077060578649,0.678376142548804,64.6353512640665,4.28272883938135,9.18653025609576,15.4219711377511,4.60342841846757,6.62623563569394,64.6353512640665,4.28272883938135
2020-07-20,13624,586,NA,13291.7142857143,582.714285714286,NA,106.428571428572,0.714285714285666,NA,NA,2340.19018605829,89619.6317444999,164.507261531544,193.519480519491,2744.06106919542,1610.49418126832,150443.083047217,44934.0323123102,99,39.4940494856495,269.480017406779,107.503607503611,4.30123311802701,4.96730275095291,0.65387459041413,0.677013501830906,64.6953638628084,4.49060916978917,9.20342421207807,15.4496451960863,4.61446842482472,6.94147866770592,64.6953638628084,4.49060916978917
2020-07-21,13746,588,NA,13402.7142857143,583.714285714286,NA,111,1,NA,NA,2338.61621016354,89791.0750846224,171.443340122569,172.017316017314,2732.0056693904,1636.8291420469,150723.92508331,45046.1535244314,99,39.5239977406632,280.842036092421,112.121212121216,4.27760803142732,4.8956997879249,0.654853502361841,0.677689417109953,64.7444222217359,4.74294563667674,9.22103046370809,15.4784860688329,4.62598263279721,7.32604303461935,64.7444222217359,4.74294563667674
2020-07-22,13792,590,NA,13508.7142857143,585,NA,106,1.28571428571433,NA,NA,2350.4391231945,89954.6988634543,163.623778831825,150.515151515152,2743.34247948031,1668.42616490708,150991.957864096,45153.2242315021,99,39.5474015115667,268.03278078587,107.070707070707,4.27784222737819,4.87662554184728,0.655885692970396,0.67837088975027,64.7827600344972,4.53230959366289,9.23783369106418,15.5060115042347,4.63697818275292,6.99660671643008,64.7827600344972,4.53230959366289
2020-07-23,13924,590,NA,13624.4285714286,586.285714285714,NA,115.714285714284,1.28571428571433,NA,NA,2377.18045337063,90133.2410594312,178.542195976988,150.515151515152,2779.1172096628,1709.83559757966,151284.428564974,45270.1073483852,99,39.5644026450312,292.470700878446,116.883116883117,4.23728813559322,4.83415001884659,0.654586468948755,0.676766883681359,64.8106096607038,4.92274500110847,9.25616895463698,15.536046574424,4.64898141114123,7.59612083610699,64.8106096607038,4.92274500110847
2020-07-24,14202,592,NA,13748,587.857142857143,NA,123.571428571429,1.57142857142856,NA,NA,2437.20972829656,90323.8547499416,190.613690510349,129.012987012989,2870.86776957446,1754.51236525643,151596.67363038,45394.9269732049,99,39.5751421758089,312.245065406169,124.819624819625,4.16842698211519,4.7820478553416,0.655419325978648,0.677438761833887,64.8282021299601,5.19782882080867,9.27574389173779,15.5681123588858,4.6617996735559,8.01847795105648,64.8282021299601,5.19782882080867
2020-07-25,14202,594,NA,13858.4285714286,589.428571428571,NA,110.428571428571,1.57142857142856,NA,NA,2455.44359992399,90494.1752016556,170.320451714011,150.515151515152,2892.88871259414,1775.91351965759,151875.676258382,45506.4709847489,99,39.5797603125125,279.002628001384,111.544011544014,4.18250950570342,4.74809546825013,0.656395838380029,0.678072804111758,64.8357671185671,4.53055785043465,9.29323482914296,15.5967643349294,4.67325460632647,6.98833792334538,64.8357671185671,4.53055785043465
2020-07-26,14290,595,NA,13968.5714285714,590.714285714286,NA,110.142857142859,1.28571428571422,NA,NA,2473.52836604131,90664.0608335738,169.885631918194,150.515151515152,2914.48308981516,1798.16893091301,152153.966606299,45617.7263960043,99,39.578396436417,278.290347916976,111.255411255413,4.16375087473758,4.74012426347525,0.65626886169615,0.6775495409644,64.8335329475613,4.48524822813615,9.31068111303907,15.6253431638774,4.68467990149608,6.91873484381611,64.8335329475613,4.48524822813615
2020-07-27,14406,596,NA,14080.2857142857,592.142857142857,NA,111.714285714284,1.42857142857144,NA,NA,2536.92977763565,90836.4016391075,172.34080553372,107.510822510812,3012.93079880078,1803.01164375572,152436.278784149,45730.569108847,99,39.5711890875633,282.312177850108,112.842712842714,4.13716507010968,4.72542380610372,0.656124625420439,0.677297556973747,64.8217265599499,4.5159486976795,9.32837952923989,15.654335011784,4.69626820347097,6.96740768772902,64.8217265599499,4.5159486976795
2020-07-28,14476,596,NA,14184.5714285714,593.285714285714,NA,104.285714285716,1.14285714285722,NA,NA,2546.2050888715,90997.3349590014,160.933319893855,150.515151515152,3020.00321425215,1778.77932052339,152699.904313153,45835.9082141861,99,39.5582759680172,263.625529004465,105.33910533911,4.11715943630837,4.68926426087349,0.654964236335632,0.676038836357889,64.8005735260493,4.11028075817128,9.34490646183278,15.6814078476051,4.70708592782092,6.3436253266671,64.8005735260493,4.11028075817128
2020-07-29,14602,597,NA,14300.2857142857,594.285714285714,NA,115.714285714284,1,NA,NA,2530.33892513148,91175.9882757808,178.65331677947,193.519480519491,2983.27132718664,1766.66243740651,152992.557041472,45952.7913310692,99,39.5397939321802,292.65272831911,116.883116883117,4.08848102999589,4.66362484725508,0.65477765724266,0.675889430851111,64.7702980276142,4.54408031861299,9.36325313687719,15.7114616109727,4.71908915620923,7.01645431313823,64.7702980276142,4.54408031861299
2020-07-30,14689,597,NA,14409.5714285714,595.285714285714,NA,109.285714285716,1,NA,NA,2504.64969116978,91344.8185223386,168.830246557787,193.519480519491,2930.44822864706,1748.4806192247,153269.118558317,46063.1809414588,99,39.5158789742092,276.561516845046,110.389610389611,4.06426577711212,4.64921676261882,0.653567448769962,0.674734756780026,64.7311228372285,4.31850713371794,9.38059103872587,15.7398628988459,4.73042553857596,6.67223844525154,64.7311228372285,4.31850713371794
2020-07-31,14788,598,NA,14493.2857142857,596.142857142857,NA,83.7142857142844,0.857142857142776,NA,NA,2396.69059174595,91474.2403752957,129.421852957123,236.523809523802,2740.23857766835,1702.75478949887,153481.125024555,46147.7408260187,99,39.4866662323967,212.00646623745,84.559884559887,4.04381931295645,4.62879771055872,0.653735956206421,0.674867770858274,64.6832693254818,3.34193528072289,9.39388192367922,15.7616347518038,4.73910935565689,5.1672636462258,64.6832693254818,3.34193528072289
2020-08-01,14877,600,NA,14589.7142857143,597,NA,96.4285714285725,0.85714285714289,NA,NA,2308.51760960309,91623.4483455338,149.207970238102,236.523809523816,2582.44064626767,1666.58595833005,153725.54321037,46245.1434234213,99,39.4522899787054,244.41818581539,97.4025974026008,4.03307118370639,4.60328475595651,0.654854200354103,0.676181893582202,64.6269574438246,4.02285538949263,9.40920472984561,15.7867351032047,4.74911204598048,6.2255833419618,64.6269574438246,4.02285538949263
2020-08-02,14949,600,NA,14683.8571428571,597.714285714286,NA,94.1428571428569,0.714285714285666,NA,NA,2260.10067919669,91769.2651813612,145.816835827354,193.519480519462,2492.20489984739,1626.25118199527,153964.406365049,46340.2372185151,99,39.4128836109253,238.863154678605,95.0937950937951,4.01364639775236,4.58018609742748,0.653813669330615,0.67518755768891,64.5624057117219,4.07746115440022,9.42417928588048,15.811264984642,4.7588776354964,6.31647058791225,64.5624057117219,4.07746115440022
2020-08-03,15055,600,NA,14776.5714285714,598.285714285714,NA,92.7142857142862,0.571428571428669,NA,NA,2188.27334970002,91913.0309254576,143.765744096396,215.021645021654,2362.26492933603,1606.47340421749,154199.909617981,46433.8880121659,99,39.3685796523198,235.503252931871,93.6507936507987,3.9853869146463,4.56219089740517,0.652791006844945,0.674206178889587,64.4898312160734,4.10157309994713,9.4389432065118,15.8354498233638,4.76849503700752,6.3610327371564,64.4898312160734,4.10157309994713
2020-08-04,15137,601,NA,14871,599,NA,94.4285714285706,0.714285714285666,NA,NA,2162.14845244683,92059.637629936,146.606704478429,172.017316017329,2309.81024946811,1598.14151388561,154440.066659725,46529.2704075483,99,39.3195097436653,240.157041743834,95.3823953823958,3.97040364669353,4.49126490215191,0.65283767726299,0.674180181850412,64.4094495981724,4.31448047873531,9.45399887754487,15.8601125796111,4.7782902641244,6.69965223944835,64.4094495981724,4.31448047873531
2020-08-05,15296,606,NA,14970.1428571429,600.285714285714,NA,99.1428571428569,1.28571428571433,NA,NA,2164.48406608096,92213.774109371,154.136479434994,150.515151515152,2305.60587564434,1591.28581402991,154692.558256597,46629.4147076926,99,39.2658046331174,252.491596872191,100.144300144304,3.96182008368201,4.47007010414561,0.657168634353093,0.678633498021576,64.3214750371071,4.5845740124435,9.4698278134508,15.8860420242068,4.7885745116571,7.12885737612342,64.3214750371071,4.5845740124435
2020-08-06,15365,606,NA,15066.7142857143,601.571428571429,NA,96.5714285714294,1.28571428571422,NA,NA,2163.04481046644,92364.1357195574,150.361610186359,150.515151515152,2295.21787307758,1591.97556871967,154938.866224726,46726.9616052395,99,39.2075941776981,246.3079681292,97.5468975468975,3.94402863651155,4.44982194371942,0.656098815063869,0.677434639437988,64.2261202521961,4.46081931788629,9.4852690918495,15.9113364454556,4.79859202078117,6.9467644757767,64.2261202521961,4.46081931788629
2020-08-07,15445,606,NA,15160.5714285714,602.714285714286,NA,93.8571428571431,1.14285714285711,NA,NA,2179.25808468352,92510.5048379303,146.369118372895,129.01298701296,2314.91978998508,1602.78076352487,155178.634075699,46821.7668000447,99,39.1450073377607,239.76785097344,94.8051948052016,3.92359987050826,4.42391577887761,0.655060742627721,0.676191129336114,64.1235964939209,4.33829898339842,9.50030036414678,15.9359592340341,4.80832797269613,6.76680934507927,64.1235964939209,4.33829898339842
2020-08-08,15502,606,NA,15249.8571428571,603.571428571429,NA,89.2857142857138,0.85714285714289,NA,NA,2188.86612512944,92649.9830082463,139.47817031607,129.012987013004,2323.6193310052,1613.68263942674,155407.1138365,46911.9543902323,99,39.078172164121,228.479760800314,90.1875901875901,3.9091730099342,4.39088773877076,0.654074593781699,0.674900038148428,64.0141135228464,4.09627486520214,9.51462397544439,15.959422800237,4.81758972299575,6.40025939545042,64.0141135228464,4.09627486520214
2020-08-09,15575,606,NA,15339.2857142857,604.428571428571,NA,89.4285714285706,0.85714285714289,NA,NA,2220.45361988225,92789.9384683671,139.955460120749,107.510822510812,2369.58790189202,1619.87167261577,155636.37544768,47002.2862805642,99,39.0072158039607,229.261611179885,90.3318903318868,3.8908507223114,4.3824577394763,0.653088050281002,0.67367242362722,63.8978796192903,4.08480125086815,9.52899660167834,15.9829666580074,4.82686629209585,6.39397076477086,63.8978796192903,4.08480125086815
2020-08-10,15634,606,NA,15422,605.285714285714,NA,82.7142857142862,0.85714285714289,NA,NA,2263.28465005904,92919.6352994097,129.696831042616,86.008658008679,2435.23895004921,1619.85002759413,155848.832356643,47085.836064114,99,38.9322644850618,212.456908963068,83.5497835497881,3.87616732761929,4.34706775557106,0.652176472763071,0.672337966411772,63.7751015574985,3.72436000839601,9.54231572531021,16.0047847688601,4.83544637757342,5.84100608458079,63.7751015574985,3.72436000839601
2020-08-11,15699,608,NA,15502.2857142857,606.285714285714,NA,80.2857142857138,1,NA,NA,2280.91802154263,93045.7794934041,126.144193994391,107.510822510798,2458.44037230912,1602.80385154795,156055.469676338,47166.9327452107,99,38.8534435134506,206.637319695787,81.0966810966784,3.87285814383082,4.26901643631682,0.653441782432593,0.673133361815909,63.6459846017844,3.54659515213413,9.5552700134123,16.0260052411404,4.84377454344283,5.57350106143742,63.6459846017844,3.54659515213413
2020-08-12,15765,608,NA,15569.2857142857,606.571428571429,NA,67,0.285714285714221,NA,NA,2192.60680759567,93151.2734742624,105.493980858257,193.519480519491,2302.58016380508,1573.48061922473,156228.279797505,47234.6095128874,99,38.770877277229,172.810121166287,67.6767676767704,3.85664446558833,4.27102822540085,0.652701758466018,0.671866447365417,63.5107325128062,2.93681423397523,9.56610364259331,16.0437518533756,4.85072456086767,4.62506674338558,63.5107325128062,2.93681423397523
2020-08-13,15967,608,NA,15655.2857142857,606.857142857143,NA,86,0.285714285714334,NA,NA,2134.51348600935,93286.9853474812,135.711873218868,193.519480519477,2196.2200082684,1559.20644895056,156450.589971638,47321.4781997561,99,38.6846892343747,222.310174133629,86.8686868686927,3.80785369825265,4.24672598220534,0.651752222172561,0.670607509094554,63.3695475275818,3.92142503350812,9.58004047669468,16.0665818382728,4.85964547875626,6.18952165745051,63.3695475275818,3.92142503350812
2020-08-14,16340,608,NA,15783.1428571429,607.142857142857,NA,127.857142857143,0.285714285714221,NA,NA,2164.44364679836,93489.2185385733,202.233191092033,172.017316017314,2235.31587487966,1582.78364952776,156781.868988433,47450.6268289048,99,38.595001909369,331.279016794433,129.148629148629,3.72093023255814,4.21451379385573,0.650342370493921,0.669335188348368,63.2226303539647,5.98863401142085,9.60080867012677,16.1006023008073,4.87290830518532,9.47443960497642,63.2226303539647,5.98863401142085
2020-08-15,16396,608,NA,15910.8571428571,607.428571428571,NA,127.714285714286,0.285714285714334,NA,NA,2237.6404598362,93691.7140529098,202.495514336537,129.012987012989,2347.81581324412,1601.35940710352,157113.577718006,47579.6311579091,99,38.5019368886027,331.708729573264,129.004329004332,3.70822151744328,4.19610784352426,0.648936788216564,0.66815143572494,63.0701801631185,5.89920386774653,9.6216038026575,16.1346668923893,4.8861563128139,9.35554569120188,63.0701801631185,5.89920386774653
2020-08-16,16451,608,NA,16036,607.714285714286,NA,125.142857142857,0.285714285714221,NA,NA,2307.25781951669,93890.630113889,198.916060979202,129.012987012989,2454.4522344358,1622.33776208188,157439.422930406,47706.038084316,99,38.4056148073953,325.845212400454,126.406926406926,3.69582396206918,4.16185649715303,0.647561955077411,0.666842237191855,62.9123945682533,5.59134881676573,9.6420313457767,16.1681293342541,4.89913758203384,8.88954523971035,62.9123945682533,5.59134881676573
2020-08-17,16536,610,NA,16164.8571428571,608.285714285714,NA,128.857142857143,0.571428571428669,NA,NA,2383.02516803538,94095.9818779921,205.351764103107,129.012987012989,2571.34529292982,1637.06792081203,157775.810494395,47836.1968144748,99,38.3061553552377,336.387563988537,130.158730158735,3.68892114175133,4.14109683631094,0.648274227895242,0.667799235761602,62.7494696332128,5.58359306860403,9.66311979884162,16.202674415402,4.91250414006625,8.90025216800968,62.7494696332128,5.58359306860403
2020-08-18,16593,611,NA,16292.5714285714,608.714285714286,NA,127.714285714286,0.428571428571331,NA,NA,2436.15786051386,94300.0582934143,204.076415422212,150.515151515152,2649.80487519337,1643.07224981638,158110.108904497,47965.2011434791,99,38.2036772700098,334.298410102376,129.00432900434,3.68227565841017,4.11627188067545,0.647931730963385,0.6679476074283,62.5815998630038,5.35812740865798,9.68407728088267,16.2370049523804,4.92575214769483,8.56375409540712,62.5815998630038,5.35812740865798
2020-08-19,16643,611,NA,16418,609.142857142857,NA,125.428571428571,0.428571428571445,NA,NA,2526.56484091854,94501.0367023904,200.97840897608,110.142857142841,2868.4569997043,1659.19634794047,158439.33245758,48091.8966701746,99,38.0982983307974,329.223553082353,126.695526695526,3.67121312263414,4.09452750650573,0.64655375361035,0.666859860693928,62.4089781920277,5.14746245818494,9.70471661535961,16.2708143305339,4.93876305451574,8.24981058221272,62.4089781920277,5.14746245818494
2020-08-20,16718,611,NA,16525.2857142857,609.571428571429,NA,107.285714285714,0.428571428571445,NA,NA,2588.67607036528,94673.4336461229,172.396943732485,109.857142857159,3040.57542348152,1657.28004202417,158721.736595643,48200.266078544,99,37.9901353505704,282.404138062935,108.369408369406,3.6547433903577,4.07767361409746,0.645376402300818,0.665800253268343,62.2317959720881,4.24536567817634,9.72242079663274,16.2998156222291,4.94989197367576,6.82337302175905,62.2317959720881,4.24536567817634
2020-08-21,16770,612,NA,16586.7142857143,610.142857142857,NA,61.4285714285725,0.571428571428555,NA,NA,2575.67418624232,94772.4317619999,98.9981158770242,111.428571428565,3090.74464167535,1607.32910407323,158883.905813837,48262.3151405931,99,37.8793041692756,162.169218193827,62.04906204906,3.64937388193202,4.05275893153675,0.645757409218857,0.665846826981844,62.0502429610753,2.3724500955642,9.73258733758897,16.3164694745171,4.9562640578819,3.82427593047804,62.0502429610753,2.3724500955642
2020-08-22,16828,613,NA,16648.4285714286,610.857142857143,NA,61.7142857142862,0.714285714285779,NA,NA,2570.71707693691,94872.1889384088,99.7571764088934,104.000000000015,3149.44299431425,1564.95248069661,159047.31845219,48324.6528029308,99,37.7659196597241,163.412638353155,62.337662337668,3.64273829332066,4.03552317405789,0.646132451310848,0.665872705760754,61.8645073326103,2.3955089864757,9.74283182972556,16.3332510189522,4.962665779689,3.87305106141667,61.8645073326103,2.3955089864757
2020-08-23,16895,614,NA,16711.8571428571,611.714285714286,NA,63.4285714285688,0.857142857142776,NA,NA,2557.27498183765,94975.0325575952,102.843619186431,115.428571428551,3201.6258329089,1512.73603048016,159215.78700507,48388.722067,99,37.6500957265309,168.468552880397,64.069264069265,3.63421130511986,3.9991781231321,0.646485695730249,0.665844127875907,61.6747756743087,2.4667926455744,9.75339328190354,16.3505517769265,4.96924532710185,4.00058100944241,61.6747756743087,2.4667926455744
2020-08-24,16942,614,NA,16769.8571428571,612.285714285714,NA,58,0.571428571428669,NA,NA,2542.32699827196,95069.3702883153,94.3377307200426,108.714285714304,3209.64070861132,1462.0361747803,159370.322027293,48447.3079255859,99,37.5319452935811,154.535022222582,58.5858585858514,3.62412938259946,3.98493793872902,0.645844185291154,0.664760185559762,61.4812329672482,2.26752050028415,9.76308122792743,16.3664216408999,4.97526176009648,3.6889943940347,61.4812329672482,2.26752050028415
2020-08-25,16962,614,NA,16822.5714285714,612.714285714286,NA,52.7142857142862,0.428571428571331,NA,NA,2544.62901677779,95155.3865925354,86.016304220102,83.2857142856956,3240.6542581871,1431.56864231278,159511.225686759,48500.5546788326,99,37.4115803053797,140.903659465868,53.2467532467635,3.61985614903903,3.96707209915368,0.645260370418343,0.663708409197064,61.2840625881797,2.07298554167049,9.7719146109874,16.3808916417899,4.98072989747337,3.38336902682337,61.2840625881797,2.07298554167049
2020-08-26,16986,614,NA,16871.5714285714,613.142857142857,NA,49,0.428571428571445,NA,NA,2528.41857802182,95235.604725208,80.2181326726131,96.0000000000146,3262.16979925547,1384.63502037915,159642.631337717,48550.0496283276,99,37.2891117258543,131.405650958477,49.4949494949469,3.61474155186624,3.9552500138231,0.644716859594298,0.662709241884427,61.0834463075668,1.92517599004797,9.78015255495253,16.3943862514651,4.98581274603781,3.15244902670298,61.0834463075668,1.92517599004797
2020-08-27,16986,614,NA,16909.8571428571,613.571428571429,NA,38.2857142857138,0.428571428571445,NA,NA,2497.16334948502,95298.492353814,62.8876286060549,93.7142857142753,3255.29617078789,1329.16460190873,159745.64781914,48588.722067,99,37.1646495366997,103.016481422528,38.6724386724381,3.61474155186624,3.93946342581977,0.644291409900176,0.661709674707154,60.8795642868729,1.5138589866389,9.78661075515361,16.4049654556073,4.98978418456628,2.4872317088912,60.8795642868729,1.5138589866389
2020-08-28,17083,615,NA,16954.5714285714,614,NA,44.7142857142862,0.428571428571445,NA,NA,2478.28958567057,95372.190018571,73.6976647569827,92.1428571428696,3229.64332722934,1281.75911850325,159866.372264958,48633.888012166,99,37.0383027323454,120.72444581872,45.1659451659507,3.60007024527308,3.92733785339644,0.644842065470287,0.661862261962523,60.6725950703186,1.79017424867839,9.79417908431314,16.417363166533,4.99442246911633,2.95125526218303,60.6725950703186,1.79017424867839
2020-08-29,17349,615,NA,17029,614.285714285714,NA,74.4285714285725,0.285714285714334,NA,NA,2493.59134297678,95495.2883126738,123.098294102747,107.510822510827,3248.56953414335,1262.93949368363,160068.020083594,48709.0683873464,99,36.9101793077494,201.647818635654,75.1803751803818,3.54487290333737,3.91289709080651,0.644010831179803,0.660964960848758,60.4627155648858,3.00249546907759,9.8068205758966,16.4380712455578,5.0021430641661,4.96706659360952,60.4627155648858,3.00249546907759
2020-08-30,17349,615,NA,17093.8571428571,614.428571428571,NA,64.8571428571413,0.14285714285711,NA,NA,2472.0820284128,95602.9348422656,107.646529591846,129.012987012975,3205.83982012098,1230.02318776732,160244.356303637,48774.5806528586,99,36.7803862650131,176.336220043537,65.5122655122614,3.54487290333737,3.89742195641339,0.6432856909829,0.66021641686941,60.2501010511541,2.60032262942521,9.81787525953574,16.4561799680043,5.00887079958374,4.31692746668508,60.2501010511541,2.60032262942521
2020-08-31,17429,617,NA,17163.4285714286,614.857142857143,NA,69.5714285714312,0.428571428571445,NA,NA,2491.53838292224,95718.8197682036,115.884925938022,96,3249.29410150979,1203.86878661293,160434.187874404,48844.8548231328,99,36.6490296059078,189.831570766139,70.2741702741769,3.54007688335533,3.85079941665399,0.644596330684134,0.661399870198141,60.0349251710583,2.81359310274881,9.82977597941633,16.4756745858754,5.01608755541721,4.68774598116496,60.0349251710583,2.81359310274881
2020-09-01,17535,620,NA,17245.2857142857,615.714285714286,NA,81.8571428571413,0.857142857142776,NA,NA,2534.09779682,95855.6648963871,136.845128183471,93.4285714285652,3363.14198391355,1192.26705501119,160658.354438126,48927.5388058168,99,36.5162143264575,224.166563722421,82.6839826839787,3.53578557171372,3.76814128344116,0.646805799813891,0.663178075174723,59.8173599190144,3.28460051396594,9.84382919232864,16.4986952113783,5.0245787280919,5.49239494448287,59.8173599190144,3.28460051396594
2020-09-02,17549,622,NA,17325.7142857143,616.857142857143,NA,80.4285714285725,1.14285714285722,NA,NA,2579.05055381909,95990.6176533862,134.95275699909,88.8571428571449,3473.60425106095,1183.50803625218,160879.421100878,49008.7797870578,99,36.3820444147606,221.066662751778,81.2409812409896,3.54436150207989,3.76224166172934,0.64797999555122,0.663879411629445,59.5975756383515,3.1730855583268,9.85768806953083,16.5213974947603,5.03292171276179,5.32547548750643,59.5975756383515,3.1730855583268
2020-09-03,17653,622,NA,17421,618,NA,95.2857142857138,1.14285714285711,NA,NA,2649.38689687093,96151.0968535809,160.479200194692,89,3625.88148912595,1189.61337535753,161142.302734547,49105.027983306,99,36.2466228453,262.881633669429,96.2481962481979,3.52348042825582,3.75661054039268,0.646898496589366,0.662472921148272,59.3757410119906,3.69372113366549,9.87416836662486,16.5483939367801,5.04280585268155,6.22241390177684,59.3757410119906,3.69372113366549
2020-09-04,17752,622,NA,17516.5714285714,619,NA,95.5714285714275,1,NA,NA,2727.67034565438,96312.6660166501,161.569163069173,82.2857142857247,3780.08705697284,1202.8644576086,161406.969840856,49201.5647798428,99,36.1100515679687,264.667106308421,96.5367965367914,3.50383055430374,3.74334784712143,0.645813293022614,0.661027163525968,59.1520230444683,3.60646021754661,9.89076059667949,16.5755737366401,5.05271963020226,6.09836046445292,59.1520230444683,3.60646021754661
2020-09-05,17892,623,NA,17594.1428571429,620.142857142857,NA,77.5714285714312,1.14285714285711,NA,NA,2778.1682850082,96444.3068131467,131.640796496678,80,3914.58552654774,1200.07657882074,161622.611167573,49279.9197581977,99,35.9724315149292,215.64132671777,78.3549783549897,3.48200312989045,3.73737634630782,0.645968663766762,0.660657067741716,58.9265870731723,2.84322273957137,9.90427935445824,16.5977188690045,5.06076623886257,4.82612558758809,58.9265870731723,2.84322273957137
2020-09-06,18043,624,NA,17693.2857142857,621.428571428571,NA,99.1428571428551,1.28571428571433,NA,NA,2878.9241301346,96613.205515416,168.89870226926,66.8571428571449,4123.11632383065,1232.07802182218,161899.284821999,49380.064058342,99,35.833862587544,276.673654425744,100.144300144297,3.45840492157623,3.73387352898258,0.645874439908147,0.660310216453124,58.6995967469329,3.56784025476758,9.92162428631742,16.6261316727666,5.07105048639527,6.07949860995413,58.6995967469329,3.56784025476758
2020-09-07,18249,626,NA,17810.4285714286,622.714285714286,NA,117.142857142859,1.28571428571422,NA,NA,2992.40976974752,96813.5482978861,200.342782470063,85.5714285714203,4340.55140178863,1263.54699729117,162227.467152704,49498.3901766682,99,35.6944436621951,328.182330705255,118.326118326127,3.43032494931229,3.7248132893545,0.646603715085266,0.661220340164177,58.4712140355554,4.06809676842612,9.94219834558333,16.6598341233301,5.08320190278837,6.95894623873592,58.4712140355554,4.06809676842612
2020-09-08,18308,627,NA,17920.8571428571,623.714285714286,NA,110.428571428569,1,NA,NA,3052.00107405474,97003.1525892063,189.604291320196,129.012987012975,4431.21988933321,1247.09100883517,162538.058717172,49609.9341882122,99,35.5542725758985,310.591564467613,111.544011544014,3.42473235743937,3.71922650992418,0.646370744933673,0.661584796699712,58.2415992062556,3.68951638503597,9.96166962315369,16.6917301026914,5.09465683555894,6.33617405066131,58.2415992062556,3.68951638503597
2020-09-09,18308,628,NA,18029.2857142857,624.571428571429,NA,108.428571428572,0.85714285714289,NA,NA,3066.03726676924,97190.0632407952,186.910651588973,172.017316017329,4444.64441279441,1229.18624693041,162844.237819388,49719.457997736,99,35.4134461313269,306.179102215829,109.523809523809,3.43019445051344,3.71150123943088,0.646156591589086,0.66194319644896,58.0109108318873,3.55197388811567,9.98086427931154,16.7231729473864,5.1059043051228,6.12420005936144,58.0109108318873,3.55197388811567
2020-09-10,18466,628,NA,18145.4285714286,625.428571428571,NA,116.142857142859,0.85714285714289,NA,NA,3094.17397541543,97391.0744083159,201.011167520628,172.017316017314,4481.16704902783,1221.64512138928,163173.515034376,49836.774015052,99,35.272060092918,329.277214987989,117.316017316014,3.400844795841,3.70185600135289,0.644822950989416,0.661226411919538,57.7793057845672,3.78726897792949,10.0015069779039,16.756987836311,5.11795198991255,6.55605754369836,57.7793057845672,3.78726897792949
2020-09-11,18559,630,NA,18260.7142857143,626.571428571429,NA,115.285714285714,1.14285714285711,NA,NA,3142.84932220967,97591.4077637681,200.333355452269,150.515151515152,4552.78082374367,1209.09533783951,163501.681922645,49953.2242315022,99,35.130209173101,328.166888268926,116.450216450226,3.39457944932378,3.69833212472806,0.645548634286526,0.662674001194506,57.5469392131127,3.72514065457698,10.0220800690689,16.7906887010246,5.12991076189942,6.47453430363016,57.5469392131127,3.72514065457698
2020-09-12,18726,630,NA,18379.8571428571,627.571428571429,NA,119.142857142855,1,NA,NA,3177.70954193163,97799.2852995074,207.877535739273,172.017316017314,4600.40842867407,1201.8702296144,163842.206963473,50073.5705518485,99,34.9879870370844,340.525040827808,120.346320346318,3.36430631207946,3.69986692943891,0.644176486638572,0.662074972904814,57.3139645508847,3.79016245143135,10.0434279044519,16.8256586774077,5.14226964149923,6.61430168701562,57.3139645508847,3.79016245143135
2020-09-13,18849,630,NA,18495,628.428571428571,NA,115.142857142859,0.85714285714289,NA,NA,3185.05292722833,98001.0053081807,201.720008673321,193.519480519491,4601.60504100934,1193.17614592031,164172.64533405,50189.8764681545,99,34.8454862980271,330.43837057706,116.305916305915,3.34235237943658,3.69968545524886,0.6428505483376,0.66151729893226,57.0805335078769,3.62274116796183,10.0641433969813,16.859592810378,5.15421359468562,6.34796874955102,57.0805335078769,3.62274116796183
2020-09-14,18937,631,NA,18593.2857142857,629.142857142857,NA,98.2857142857138,0.714285714285666,NA,NA,3163.71494594123,98173.9010931274,172.895784946653,193.519480519462,4555.7274318049,1185.74035948454,164455.866625944,50289.154967433,99,34.7027985178217,283.221291894472,99.2784992785091,3.33210117758885,3.70389059898067,0.642737013579032,0.662130097144969,56.8467960720002,3.08523812406258,10.0818988063974,16.8886780191036,5.16440892941544,5.42834888138293,56.8467960720002,3.08523812406258
2020-09-15,19137,632,NA,18711.7142857143,629.857142857143,NA,118.428571428572,0.714285714285779,NA,NA,3221.6755880069,98383.0911724225,209.190079295106,150.515151515152,4642.27801347099,1230.46292347026,164798.541749735,50408.7797870578,99,34.560014196115,342.675123790599,119.62481962482,3.30250300465068,3.68704058337027,0.642386809022275,0.662666968093043,56.6129004910957,3.74260323685396,10.1033814325055,16.9238687967243,5.17669371501286,6.61216585152458,56.6129004910957,3.74260323685396
2020-09-16,19234,634,NA,18844,630.714285714286,NA,132.285714285714,0.857142857142776,NA,NA,3326.44198957634,98617.7277038621,234.636531439581,129.012987012989,4806.85685473125,1299.63802572807,165182.900810775,50542.4017206797,99,34.4172227727897,384.359061040508,133.621933621936,3.29624623063325,3.63545037589651,0.642886441171947,0.663907100760968,56.3789932770006,4.10532665289458,10.1274772638814,16.9633402765737,5.19041592425677,7.28305892477336,56.3789932770006,4.10532665289458
2020-09-17,19318,634,NA,18965.7142857143,631.571428571429,NA,121.714285714286,0.85714285714289,NA,NA,3413.35663224511,98834.512476401,216.784772538915,129.012987013004,4942.19265678158,1358.13491730767,165538.016832606,50665.3454436235,99,34.2745126189719,355.11602183053,122.943722943724,3.28191324153639,3.64039096530883,0.641476326552814,0.663159557858794,56.145219190818,3.65831685708782,10.1497398215996,16.9998086633523,5.20304154226522,6.51701647641012,56.145219190818,3.65831685708782
2020-09-18,19366,634,NA,19081,632.142857142857,NA,115.285714285714,0.571428571428555,NA,NA,3446.96027759783,99040.7048663424,206.19238994144,172.0173160173,4987.48838892239,1389.22745384382,165875.781429215,50781.7956600737,99,34.1319710363052,337.76459660969,116.450216450219,3.27377878756584,3.62695999278706,0.640140839925964,0.662356683393421,55.9117212417269,3.37688384078623,10.1709146021359,17.0344951578838,5.21500031425208,6.04075144078391,55.9117212417269,3.37688384078623
2020-09-19,19449,635,NA,19184.2857142857,632.857142857143,NA,103.285714285714,0.714285714285779,NA,NA,3481.23413750766,99226.2081634817,185.503297139279,150.515151515152,5035.23755593819,1418.65420253372,166179.655138356,50886.1246644027,99,33.9896842599227,303.873709140345,104.329004329004,3.26494935472261,3.60910831398428,0.639951895525218,0.662454327228743,55.6786406918512,2.9959019573317,10.1899647310315,17.0657012518799,5.22571430699869,5.38164882098832,55.6786406918512,2.9959019573317
2020-09-20,19566,635,NA,19286.7142857143,633.571428571429,NA,102.428571428572,0.714285714285666,NA,NA,3536.24220227536,99410.9435009767,184.735337494989,129.012987013004,5118.21590460945,1457.81343177567,166482.270849664,50989.5878678659,99,33.8477374441787,302.615711308608,103.463203463216,3.24542573852601,3.61029932515487,0.63876267303887,0.661522985811936,55.4461170328867,2.94179777861519,10.2089359948588,17.0967781566852,5.23633938694241,5.30660479008307,55.4461170328867,2.94179777861519
2020-09-21,19667,636,NA,19391,634.285714285714,NA,104.285714285714,0.714285714285779,NA,NA,3616.89160108998,99599.8180080164,188.874507039713,107.510822510812,5244.46182331463,1509.44684431134,166791.66695152,51094.926973205,99,33.7062146744411,309.396101855353,105.339105339102,3.23384349417806,3.59307604535045,0.638555383654226,0.661458912911313,55.2142880054184,2.94855700064528,10.2283323277526,17.1285513688655,5.24715711129237,5.34110777022522,55.2142880054184,2.94855700064528
2020-09-22,19761,638,NA,19480.1428571429,635.142857142857,NA,89.1428571428587,0.857142857142776,NA,NA,3670.6508162535,99761.9451885479,162.12718053149,107.510822510827,5326.74998001548,1545.64158440834,167057.248148514,51184.9702632483,99,33.5651989492673,265.581196993939,90.0432900432934,3.22858154951673,3.57786647782141,0.639522413876548,0.662425853614836,54.9832895697221,2.46422333842125,10.2449818630128,17.155825040617,5.25640404279151,4.48250040124596,54.9832895697221,2.46422333842125
2020-09-23,19830,640,NA,19565.2857142857,636,NA,85.1428571428551,0.85714285714289,NA,NA,3696.28350665263,99917.4480088171,155.502820269234,129.01298701296,5361.69956561181,1557.21589898264,167311.97795389,51270.9731492512,99,33.4247721883233,254.729805376497,86.0028860028833,3.2274331820474,3.55466130114017,0.640528769253118,0.663595417031665,54.7532559187375,2.31918720374688,10.2609511143169,17.1819843364399,5.26523604787722,4.23638281202541,54.7532559187375,2.31918720374688
2020-09-24,19947,642,NA,19655.1428571429,637.142857142857,NA,89.8571428571449,1.14285714285711,NA,NA,3730.92961460864,100082.249960929,164.801952111855,129.012987012989,5411.59638279653,1582.83783260459,167581.940705141,51361.737940016,99,33.2850152255599,269.962751250714,90.7647907647988,3.21852910212062,3.53124678347756,0.641472389210504,0.664505433367036,54.52431946689,2.43063135366508,10.2778753333384,17.2097079687831,5.27455707337876,4.45858527397159,54.52431946689,2.43063135366508
2020-09-25,20085,643,NA,19757.8571428571,638.428571428571,NA,102.714285714283,1.28571428571433,NA,NA,3832.80779675304,100271.422515368,189.172554438774,86.0086580086645,5574.24628507995,1616.30392207067,167891.825039659,51465.4897437678,99,33.1460078077573,309.884334517817,103.751803751802,3.20139407518048,3.49843044237258,0.641259477396417,0.664163240894291,54.2966108477058,2.75262401565853,10.2973022739974,17.2415313196687,5.28521179092345,5.07038657867088,54.2966108477058,2.75262401565853
2020-09-26,20156,646,NA,19858.8571428571,640,NA,101,1.57142857142856,NA,NA,3910.51954673135,100458.216516428,186.794001060582,107.510822510842,5696.22697558111,1635.60983837659,168197.813056167,51567.509945788,99,33.0078285916098,305.98801650852,102.020202020205,3.20500099226037,3.49573956740223,0.643053423006327,0.66595773720439,54.0702589090375,2.63475383724916,10.3164849508123,17.2729545409532,5.29568868286237,4.87355513153631,54.0702589090375,2.63475383724916
2020-09-27,20260,646,NA,19958,641.571428571429,NA,99.1428571428587,1.57142857142856,NA,NA,3985.56235417453,100642.341574954,184.125058525417,107.510822510798,5813.83566040837,1654.46842423518,168499.429067002,51667.6542459323,99,32.8705551368249,301.61601083455,100.144300144304,3.18854886475814,3.50432285651862,0.6418769574423,0.66467700344992,53.8453907017588,2.53492325907863,10.3353935424758,17.3039287822308,5.30597293039507,4.70845513812403,53.8453907017588,2.53492325907863
2020-09-28,20389,648,NA,20061.1428571429,643.285714285714,NA,103.142857142859,1.71428571428578,NA,NA,4068.68852753866,100834.692856543,192.351281589246,107.510822510842,5944.77689771165,1662.36741413418,168814.520487455,51771.838950117,99,32.734263914396,315.091420453478,104.184704184707,3.17818431507185,3.48362241029846,0.642635963518931,0.665358713759779,53.6221314933165,2.58755411143253,10.3551469202541,17.3362868710956,5.31667210434119,4.82620178775462,53.6221314933165,2.58755411143253
2020-09-29,20531,651,NA,20171.1428571429,645.142857142857,NA,110,1.85714285714278,NA,NA,4143.80857430531,101040.68303318,205.990176636769,129.012987012975,6061.43002810038,1676.90709667387,169151.953837624,51882.9500612281,99,32.5990302810721,337.433350168925,111.111111111117,3.1708148653256,3.47617251545265,0.644294931959461,0.667066922096077,53.4006047259092,2.70321320738148,10.3763009346392,17.3709393485099,5.32808258071033,5.06281508752852,53.4006047259092,2.70321320738148
2020-09-30,20613,652,NA,20283,646.857142857143,NA,111.857142857141,1.71428571428578,NA,NA,4223.41447650421,101251.016208106,210.333174926185,129.012987012989,6185.34029887841,1711.4655382323,169496.50147104,51995.9370742151,99,32.4649285059231,344.547633415379,112.987012987011,3.16305244263329,3.45432629956821,0.643944154259068,0.666671538552935,53.1809320600038,2.69903293767578,10.3979009501384,17.4063224221721,5.33968570148569,5.07584197374384,53.1809320600038,2.69903293767578
2020-10-01,20787,654,NA,20403,648.571428571429,NA,120,1.71428571428567,NA,NA,4276.25514476292,101477.588478096,226.572269990313,172.017316017314,6262.8775386709,1732.96337373013,169867.650432444,52117.1491954272,99,32.3320317389502,371.148961404222,121.21212121212,3.1461971424448,3.44087977384173,0.644477277996377,0.667340093036175,52.9632333229162,2.84095155307543,10.4211686279321,17.4444373002538,5.35213349388838,5.36467048760627,52.9632333229162,2.84095155307543
2020-10-02,20937,658,NA,20524.7142857143,650.714285714286,NA,121.714285714286,2.14285714285711,NA,NA,4311.34117190861,101708.336842904,230.748364808038,193.519480519491,6310.33990553499,1737.90709667387,170245.640271835,52240.092918371,99,32.2004120296445,377.989839391579,122.943722943732,3.1427616181879,3.43620576498012,0.646947949818831,0.670239231275758,52.7476265392121,2.84594235572259,10.4448651668068,17.4832546974252,5.36475911189682,5.39603828575647,52.7476265392121,2.84594235572259
2020-10-03,21125,660,NA,20663.1428571429,652.714285714286,NA,138.428571428572,2,NA,NA,4336.31903922508,101971.838519745,263.501676840271,236.523809523802,6338.62410486059,1759.15284090459,170677.28344552,52379.9197581978,99,32.0701403075439,431.64317368457,139.826839826841,3.12426035502959,3.41074507871812,0.647237521241912,0.67084698410554,52.5342278988576,3.21042986759041,10.4719252837181,17.5275819855242,5.37911852956135,6.1118261425741,52.5342278988576,3.21042986759041
2020-10-04,21243,661,NA,20803.5714285714,654.857142857143,NA,140.428571428569,2.14285714285722,NA,NA,4366.03943772247,102240.225584909,268.387065164046,236.523809523802,6374.76822162163,1782.27593001263,171116.929393783,52521.7668000448,99,31.9412863881565,439.645948262885,141.847041847039,3.1116132373017,3.40468515575098,0.646516570379681,0.670264885827535,52.3231517669216,3.23806730692831,10.4994871021016,17.5727311128551,5.39368541043259,6.189283185492,52.3231517669216,3.23806730692831
2020-10-05,21363,663,NA,20942.7142857143,657,NA,139.142857142859,2.14285714285711,NA,NA,4372.86506802349,102507.220046378,266.994461469862,258.025974025993,6372.14392909285,1793.50203640415,171554.294112243,52662.3151405932,99,31.8139189719531,437.364718460245,140.548340548339,3.1034966999017,3.40097318562998,0.646783709186564,0.670818303634883,52.1145106819263,3.18659430006542,10.5269059080412,17.6176459709173,5.40811892209952,6.11525537683045,52.1145106819263,3.18659430006542
2020-10-06,21466,663,NA,21076.2857142857,658.714285714286,NA,133.571428571428,1.71428571428567,NA,NA,4348.94398121821,102764.541383816,257.321337437141,279.528138528127,6317.61544449642,1788.93072717871,171975.813246694,52797.2357755138,99,31.6881056290264,421.51913445114,134.920634920636,3.08860523618746,3.40139567135333,0.645164169539529,0.669421730080307,51.9084153307166,3.05423663596814,10.5533313394021,17.6609335780224,5.42197450054775,5.8845021155306,51.9084153307166,3.05423663596814
2020-10-07,21550,666,NA,21210.1428571429,660.714285714286,NA,133.857142857145,2,NA,NA,4347.80439865915,103023.427775283,258.88639146692,258.025974025979,6301.8521465034,1794.96058537398,172399.896102547,52932.4450107231,99,31.5639128084635,424.082855853194,135.209235209244,3.09048723897912,3.39716327684861,0.646454902910721,0.671193641605977,51.7049745638137,3.07761494000471,10.5799174928712,17.7044844646698,5.43585971659694,5.95285643100884,51.7049745638137,3.07761494000471
2020-10-08,21682,668,NA,21338,662.714285714286,NA,127.857142857141,2,NA,NA,4336.02401637347,103271.673367023,248.245591740284,258.025974025964,6268.65811099249,1794.92983750865,172806.548220883,53061.5936398717,99,31.4414058337072,406.652118335216,129.148629148629,3.08089659625496,3.38707086637169,0.646837586940185,0.671958213527505,51.5042953878159,2.94044588660814,10.6054108969959,17.7462453141503,5.449122543026,5.7096770916567,51.5042953878159,2.94044588660814
2020-10-09,21827,670,NA,21465.1428571429,664.428571428571,NA,127.142857142859,1.71428571428578,NA,NA,4259.58777325792,103519.483877154,247.810510131196,322.532467532466,6125.57554234387,1762.66845895404,173212.487630256,53190.0207682988,99,31.3206488966257,405.939409373328,128.427128427131,3.06959270628121,3.37839310229609,0.647221155773038,0.672691992214358,51.3064829556853,2.93197329052233,10.6308596207247,17.7879329724919,5.46231127545266,5.71515538648832,51.3064829556853,2.93197329052233
2020-10-10,21998,671,NA,21589.8571428571,666,NA,124.714285714283,1.57142857142856,NA,NA,4200.98972527352,103763.487560771,244.003683617339,301.030303030304,6012.88703225553,1738.69511650701,173612.19106156,53315.9947942728,99,31.2017050510502,399.703431303613,125.974025974021,3.05027729793618,3.37027478366479,0.646662921393245,0.672601159421886,51.1116405561602,2.92758385923081,10.6559174051178,17.8289802315098,5.47524808827117,5.72834031380256,51.1116405561602,2.92758385923081
2020-10-11,22130,675,NA,21716.5714285714,668,NA,126.714285714286,2,NA,NA,4125.30763119784,104012.337934228,248.850373456793,322.532467532481,5871.22215368444,1705.71512323378,174019.833875296,53443.9890222671,99,31.0846362168824,407.642813736631,127.994227994226,3.05015815634885,3.36863338376198,0.648961472654171,0.675557686321647,50.9198696204846,3.01603153155027,10.6814729168698,17.8708428197485,5.48839236429639,5.92361299909131,50.9198696204846,3.01603153155027
2020-10-12,22289,676,NA,21848.8571428571,669.857142857143,NA,132.285714285714,1.85714285714289,NA,NA,4061.67576452304,104273.095677943,260.757743714814,322.532467532466,5749.20564413775,1678.50569273112,174446.982200914,53577.610955889,99,30.9695031800218,427.148325618124,133.621933621936,3.032886177038,3.35818490428206,0.648297622320419,0.675444447206076,50.7312697222889,3.20641468424323,10.7082512475243,17.9147085126288,5.5021145735403,6.32092845010687,50.7312697222889,3.20641468424323
2020-10-13,22394,677,NA,21981.4285714286,671.857142857143,NA,132.571428571431,2,NA,NA,4063.92888226987,104535.374769716,262.279091772798,258.025974025964,5738.99994238085,1683.23684962769,174876.622653004,53711.5214897995,99,30.856365578886,429.640452089225,133.910533910537,3.02313119585603,3.34506917031189,0.647627658571449,0.675167443541795,50.5459385555089,3.2636923719781,10.7351858119335,17.9588301326608,5.51586642038518,6.45741085646696,50.5459385555089,3.2636923719781
2020-10-14,22465,678,NA,22112.1428571429,673.571428571429,NA,130.714285714286,1.71428571428567,NA,NA,4020.7235647027,104794.914040893,259.539271177418,301.030303030304,5651.61748462115,1665.18125609843,175301.774993779,53843.5561218342,99,30.7452819090644,425.152340775094,132.034632034636,3.01802804362341,3.34179117171774,0.646977962819293,0.674907462536052,50.3639719420084,3.21620400035969,10.7618390124191,18.0024908493001,5.52942562282382,6.38641272266691,50.3639719420084,3.21620400035969
2020-10-15,22560,682,NA,22237.5714285714,675.571428571429,NA,125.428571428569,2,NA,NA,3967.62334472481,105044.844123946,249.930083052415,301.030303030304,5548.20846223825,1641.50084294433,175711.186484216,53970.2516485297,99,30.6363095218677,409.411490437633,126.695526695526,3.02304964539007,3.3345085319419,0.649246524841607,0.677647190364781,50.1854638292038,3.11932523338157,10.7875054041786,18.0445350705321,5.54243652964473,6.21604741113048,50.1854638292038,3.11932523338157
2020-10-16,22724,683,NA,22365.7142857143,677.428571428571,NA,128.142857142859,1.85714285714289,NA,NA,3963.97210130424,105301.075997408,256.231873462559,258.025974025993,5528.23964459696,1641.90155251045,176130.920963278,54099.6888779669,99,30.529504611873,419.734479062026,129.43722943723,3.0056328111248,3.32251984613552,0.648616354135651,0.677346239326281,50.0105062696619,3.22949079974031,10.8138189538131,18.0876394037239,5.55572899367474,6.458069509124,50.0105062696619,3.22949079974031
2020-10-17,22942,686,NA,22500.5714285714,679.571428571429,NA,134.857142857141,2.14285714285711,NA,NA,3995.88997738274,105571.660540153,270.584542745157,236.523809523787,5567.98345836406,1659.39693599079,176574.166608547,54235.9082141863,99,30.4249222291447,443.245645268937,136.219336219336,2.99014907157179,3.3099772469506,0.649795595228973,0.6789344444304,49.8391894411177,3.40185365673285,10.8416064405907,18.1331581993735,5.56971794132729,6.82609604280837,49.8391894411177,3.40185365673285
2020-10-18,23093,688,NA,22638.1428571429,681.428571428571,NA,137.571428571431,1.85714285714289,NA,NA,3969.96446567855,105848.622474337,276.961934183244,301.030303030304,5508.99827893253,1648.12489224507,177027.859084793,54374.8692531473,99,30.3226162597425,453.692476246128,138.961038961046,2.97925778374399,3.30581948978107,0.649984840536596,0.679499352960489,49.6716016145461,3.44262370855488,10.870048849037,18.179749824885,5.58398844618895,6.93117017112294,49.6716016145461,3.44262370855488
2020-10-19,23196,692,NA,22767.7142857143,683.714285714286,NA,129.571428571428,2.28571428571422,NA,NA,3949.86967978909,106110.341541261,261.719066924401,279.528138528141,5461.10230440987,1638.9417504078,177456.58215789,54505.7494840276,99,30.222639438464,428.723073096393,130.880230880233,2.98327297809967,3.2891436268547,0.652151326580092,0.68192396999005,49.5078291750344,3.26362121889954,10.8969259020934,18.2237772353352,5.59742909822375,6.59247882914407,49.5078291750344,3.26362121889954
2020-10-20,23325,695,NA,22900.7142857143,686.285714285714,NA,133,2.57142857142867,NA,NA,3915.78265385913,106379.856246933,269.514705671769,301.030303030304,5389.20350380481,1622.33781633017,177898.075298677,54640.092918371,99,30.1250433388275,441.493140786886,134.343434343427,2.97963558413719,3.27786079326415,0.653319175753294,0.683326481951501,49.3479566053738,3.36703974699054,10.9246035227152,18.269116058786,5.61122540147007,6.82338222576903,49.3479566053738,3.36703974699054
2020-10-21,23375,697,NA,23030.7142857143,689,NA,130,2.71428571428567,NA,NA,3919.31265009037,106644.126502904,264.270255971496,258.025974025964,5381.54525054479,1623.75728491506,178330.977484977,54771.4060496841,99,30.0298783683652,432.902186300402,131.313131313138,2.98181818181818,3.26153846153846,0.653575609699442,0.683522048947898,49.1920664783488,3.31975820545541,10.9517425683127,18.3135726402883,5.62471050990631,6.74884893601153,49.1920664783488,3.31975820545541
2020-10-22,23528,701,NA,23169,691.714285714286,NA,138.285714285714,2.71428571428567,NA,NA,3897.55223556659,106926.110677125,281.984174220808,301.030303030304,5329.92988018607,1612.59905558103,178792.896913153,54911.338045914,98.8235128573017,29.9371937724598,461.919428176101,139.931996229883,2.97942876572594,3.25619868057377,0.655592909496863,0.685640114729434,49.0402394630219,3.5281868128884,10.9807007321204,18.3610091267651,5.63908072653271,7.19473538846935,49.0402394630219,3.5281868128884
2020-10-23,23687,705,NA,23306.5714285714,694.857142857143,NA,137.571428571428,3.14285714285722,NA,NA,3896.25624782368,107207.485685053,281.375007928102,279.528138528156,5313.37524009243,1611.30824318875,179253.818463536,55050.9677490964,98.5259049013065,29.847037626526,460.921550382511,139.629703182363,2.97631612276776,3.25261968289633,0.657603333848441,0.687756432845442,48.8925543119266,3.52958022890959,11.0095963380299,18.4083431368931,5.65341989939003,7.2192748402562,48.8925543119266,3.52958022890959
2020-10-24,23847,709,NA,23435.8571428571,698.142857142857,NA,129.285714285714,3.28571428571422,NA,NA,3835.64449336083,107472.692112408,265.206427355311,322.532467532452,5197.21756596907,1580.65450466904,179688.254196006,55182.5739461298,98.2367982663038,29.7594568362592,434.435732470069,131.606197033456,2.97312030863421,3.25231928232021,0.659702465867738,0.689926691106375,48.7490878614741,3.31812300021279,11.0368315230804,18.4529572048264,5.66693510400157,6.80669880230406,48.7490878614741,3.31812300021279
2020-10-25,23961,716,NA,23559.8571428571,702.142857142857,NA,124,4,NA,NA,3807.20834571379,107727.78410329,255.091990881119,279.528138528156,5136.75146538275,1565.46384923089,180106.121428753,55309.1609491235,97.9563439117299,29.6744971326983,417.867232747027,126.587002993649,2.98818914068695,3.25820351342393,0.664638195206446,0.694987553279394,48.609915023866,3.23277319517804,11.0630280132855,18.4958697824886,5.67993486605825,6.65056397491117,48.609915023866,3.23277319517804
2020-10-26,24168,717,NA,23698.7142857143,705.714285714286,NA,138.857142857145,3.57142857142856,NA,NA,3746.05268475068,108014.234502933,286.450399642941,344.034632034614,5018.62073530868,1534.46823659398,180575.356999045,55451.3092677433,97.6846889258932,29.5922030741781,469.235570292192,142.148318619802,2.96673286991063,3.25483943231383,0.663801399231815,0.694285254245677,48.4751087902929,3.64716971648637,11.09244483293,18.544057594966,5.69453268633296,7.52389608426424,48.4751087902929,3.64716971648637
2020-10-27,24249,717,NA,23830.7142857143,708.857142857143,NA,132,3.14285714285722,NA,NA,3628.90987637044,108287.273512734,273.039009801592,387.038961038983,4805.97496518135,1476.04935638811,181022.62331683,55586.8023102012,97.4219765129116,29.5126180423728,447.266317784786,135.493042457936,2.95682296177162,3.24761599329795,0.662127669061392,0.692623236849654,48.3447402244524,3.52368670299434,11.1204843794527,18.5899892907141,5.70844704776529,7.28871248696184,48.3447402244524,3.52368670299434
2020-10-28,24392,721,NA,23976,712.285714285714,NA,145.285714285714,3.42857142857144,NA,NA,3518.24481139489,108588.578144728,301.304631994135,408.541125541116,4602.85833250784,1420.77302983739,181516.191665841,55736.3219020178,97.1683459809678,29.4357842387376,493.568349011446,149.519591816636,2.95588717612332,3.2379566973621,0.663974068284642,0.694849428203471,48.2188784567209,4.0035641196184,11.1514266439022,18.6406759405607,5.7238018556876,8.30289652427229,48.2188784567209,4.0035641196184
2020-10-29,24553,729,NA,24122.4285714286,716.285714285714,NA,146.428571428572,4,NA,NA,3410.14423968337,108893.018698558,304.440553829598,408.541125541116,4404.3072376372,1366.48144645316,182014.896981227,55887.3976655724,96.923932723142,29.3617426787027,498.705315385771,151.075763554538,2.96908728057671,3.23671809437738,0.669464405260036,0.700878390466505,48.0975906746419,4.16201040820073,11.1826909496097,18.691890127508,5.73931647355749,8.65319413940655,48.0975906746419,4.16201040820073
2020-10-30,24751,731,NA,24274.4285714286,720,NA,152,3.71428571428567,NA,NA,3250.17478051959,109209.811144156,316.792445598141,473.047619047633,4116.81400297518,1286.81024330208,182533.835980997,56044.6029393279,96.6888682350619,29.2905331970195,518.938999770267,157.205273755477,2.95341602359501,3.23029296962627,0.669353780893446,0.701043730645305,47.9809421316849,4.45736122988983,11.2152237240395,18.7451821982531,5.7554605571091,9.28970809831653,47.9809421316849,4.45736122988983
2020-10-31,24951,735,NA,24432.1428571429,723.714285714286,NA,157.714285714286,3.71428571428567,NA,NA,3081.38134657983,109539.28177948,329.470635324295,494.549783549766,3813.60178322849,1202.83219122887,183073.54317517,56208.099645579,96.4632801054835,29.2221944449079,539.707194172661,163.496706251157,2.94577371648431,3.23173298970387,0.670992166517643,0.703111268906965,47.8689961425708,4.85261105519925,11.2490584761277,18.8006070439213,5.77225073483709,10.1370128554017,47.8689961425708,4.85261105519925
2020-11-01,25126,738,NA,24598.5714285714,726.857142857143,NA,166.428571428569,3.14285714285722,NA,NA,2824.63318123769,109887.737077342,348.455297861321,602.060606060608,3359.62394790383,1075.85512099462,183644.349222629,56381.0173121869,96.2472919588854,29.1567638726655,570.80604745922,172.917666607871,2.93719652949136,3.23550920479476,0.671594501468875,0.704232649794452,47.7618140547852,5.40130162524812,11.2848428446052,18.8592255641643,5.7900083913748,11.3084119967198,47.7618140547852,5.40130162524812
2020-11-02,25311,740,NA,24761.8571428571,730.142857142857,NA,163.285714285714,3.28571428571422,NA,NA,2626.40262960532,110230.346352549,342.609275207447,537.554112554106,3005.3884002975,977.629004072871,184205.578876488,56551.0339449966,96.0410235088434,29.0942777458368,561.2296538589,170.016632809711,2.92363004227411,3.23644883485309,0.671321486764872,0.704461038684442,47.6594552750652,5.78107309279953,11.3200268599526,18.9168606434914,5.80746812831411,12.1293369164956,47.6594552750652,5.78107309279953
2020-11-03,25426,744,NA,24930,734,NA,168.142857142859,3.85714285714289,NA,NA,2503.02155787517,110583.870042724,353.523690174625,473.047619047633,2895.54300810426,916.042478681535,184902.30857587,56726.4667536547,95.8445905466677,29.0347711417714,696.72969938186,175.432808658079,2.92613859828522,3.23006512937863,0.672792514597797,0.706545486789055,47.5619772637599,6.40245152812975,11.3563317233666,18.9884108034257,5.82548407557218,13.4603767978922,47.5619772637599,6.40245152812975
2020-11-04,25534,745,NA,25093.1428571429,737.428571428571,NA,163.142857142859,3.42857142857144,NA,NA,2327.22083026134,110927.54983459,343.6797918667,516.051948051958,2814.91635786783,852.739333203368,185700.802804754,56920.950933633,95.6581048806895,28.9782779312312,798.494228884461,194.484179978332,2.91767838959818,3.2143168486992,0.671609533529684,0.705681805314264,47.469435504703,6.51838033121538,11.3916256746594,19.0704115991918,5.84545648983049,13.730596557804,47.469435504703,6.51838033121538
2020-11-05,25753,747,NA,25264.5714285714,740,NA,171.428571428569,2.57142857142856,NA,NA,2084.3907305594,111289.35176952,361.801934930103,602.060606060608,2963.34614092764,897.704049075001,186873.445042027,57265.2389577753,95.4816743921702,28.9248307953274,1172.64223727226,344.288024142312,2.90063293596863,3.20443424414325,0.671223246539374,0.70572481959424,47.3818835329566,7.36699596222903,11.4287806665188,19.1908352580324,5.88081290310335,15.5465235711848,47.3818835329566,7.36699596222903
2020-11-06,26035,749,NA,25448,742.571428571429,NA,183.428571428572,2.57142857142856,NA,NA,1939.01694814257,111705.605692731,416.253923210868,559.056277056268,3176.31158693484,962.218936672267,188037.648583272,57607.8805908076,95.3154029908186,28.8744612120454,1164.20354124528,342.641633032275,2.87689648550029,3.20129086295667,0.670512455803046,0.705868993653886,47.299372912737,8.80125859004779,11.471527566508,19.3103923109985,5.91600024141451,19.9700525006247,47.299372912737,8.80125859004779
2020-11-07,26258,752,NA,25634.7142857143,745,NA,186.714285714286,2.42857142857144,NA,NA,1976.98605069009,112305.059643764,599.453951032352,559.056277056268,3238.50892898627,981.060746959003,189050.941163418,57904.7062893865,95.1593906356461,28.8271994625624,1013.29258014663,296.825698578898,2.86388910046462,3.19399785637728,0.669604737654185,0.706900748440974,47.2219532477642,9.630205899168,11.5330880627918,19.4144516703656,5.94648254498898,30.9153538656061,47.2219532477642,9.630205899168
2020-11-08,26603,753,NA,25845.7142857143,747.142857142857,NA,211,2.14285714285711,NA,NA,2237.55532523722,113040.819394501,735.759750737619,473.047619047633,3665.34852249062,1110.36580049367,190282.641562784,58269.3163912563,95.0137332698123,28.7830746115095,1231.70039936522,364.610101869795,2.83050783746194,3.19633307868602,0.666131052511309,0.706086706031104,47.1496721489294,10.6737838353849,11.6086463860341,19.5409402650728,5.98392591955097,37.2162337959236,47.1496721489294,10.6737838353849
2020-11-09,26908,755,NA,26073.8571428571,749.285714285714,NA,228.142857142855,2.14285714285722,NA,NA,2422.79501274123,113722.751722698,681.93232819665,494.549783549781,3968.79041161013,1202.28925444304,191427.431437251,58607.1431749586,94.8785229094469,28.7421145338795,1144.78987446745,337.826783702316,2.80585699420247,3.18465536503619,0.663895296730944,0.706095073709175,47.0825752783722,10.197002798846,11.6786769404802,19.6585036453649,6.01861880034162,30.4766689120571,47.0825752783722,10.197002798846
2020-11-10,27112,758,NA,26314.7142857143,751.285714285714,NA,240.857142857145,2,NA,NA,2561.18167675506,114443.69682827,720.94510557226,580.558441558431,4195.48217147606,1270.96233583335,192641.277043271,58963.9698546303,94.7538475635765,28.7043458907696,1213.84560601981,356.826679671736,2.79580997344349,3.17172167976407,0.662334423832381,0.707040180222863,47.0207063097447,9.94219243762431,11.7527138842954,19.7831586547943,6.05526286190805,29.7567520892557,47.0207063097447,9.94219243762431
2020-11-11,27342,760,NA,26573,753.428571428571,NA,258.285714285714,2.14285714285711,NA,NA,2749.82035238369,115150.530309094,706.833480823436,516.051948051958,4504.49195693317,1364.57250569417,193828.121993563,59314.0816356619,94.6397912928694,28.6697941471775,1186.84495029226,350.111781031606,2.77960646624241,3.15942706180472,0.660005644750367,0.707156380901947,46.9641069573638,10.0855395323536,11.825301644864,19.9050408511265,6.0912173417442,27.5979438412574,46.9641069573638,10.0855395323536
2020-11-12,27546,762,NA,26829.1428571429,755.571428571429,NA,256.142857142859,2.14285714285711,NA,NA,2906.63613959926,115696.527914491,545.997605397395,387.038961038954,4739.98077775139,1442.60676315238,194722.522902294,59585.027815784,94.5364341462635,28.6384835528033,894.400908730313,270.94618012201,2.76628185580484,3.15333846071294,0.658619591906145,0.707338414451552,46.9128169447624,9.3157293732268,11.8813724798299,19.9968907150288,6.11904196661449,19.8557554832299,46.9128169447624,9.3157293732268
2020-11-13,28016,765,NA,27112.1428571429,757.857142857143,NA,283,2.28571428571433,NA,NA,3195.83816941016,116375.054619627,678.526705135562,387.038961038954,5213.72380466681,1586.12055238184,195855.320874264,59921.5963848201,94.4438521688721,28.6104371444449,1132.79797197034,336.568569036121,2.73058252427184,3.13578758216295,0.657357371388922,0.708239986628087,46.8668740086132,9.73732964773707,11.9510532962429,20.1132225954404,6.1536056359467,23.3440538322458,46.8668740086132,9.73732964773707
2020-11-14,28395,766,NA,27417.4285714286,759.857142857143,NA,305.285714285714,2,NA,NA,3480.25470571098,117027.007952464,651.953332837627,365.536796536806,5659.40917224431,1727.47548231846,196923.288293123,60245.1220988598,94.3621174569833,28.5856767626592,1067.96741885957,323.52571403973,2.69765803838704,3.13356073593609,0.654549760266575,0.707377677128349,46.8263139260218,9.55355647181085,12.018005179126,20.2228967484035,6.18682987858042,20.4000734166698,46.8263139260218,9.55355647181085
2020-11-15,28803,769,NA,27731.7142857143,762.142857142857,NA,314.285714285714,2.28571428571422,NA,NA,3827.11391755981,117698.685346131,671.677393667007,322.532467532466,6210.09324916144,1899.52914061509,198023.565776634,60578.4356927096,94.2912980702927,28.564223025174,1100.27748351052,333.313593849802,2.66986077839114,3.12456074591201,0.653363287566472,0.708177612359071,46.7911704709723,9.03151458334388,12.086982610379,20.3358889604292,6.22105928055562,19.2996619633847,46.7911704709723,9.03151458334388
2020-11-16,29200,773,NA,28059.1428571429,764.714285714286,NA,327.428571428572,2.57142857142856,NA,NA,4202.22011600241,118398.895440678,700.210094546521,322.532467532481,6807.23114570809,2085.45616927298,199170.58279406,60925.9083712064,94.2314580948042,28.5460953459432,1147.01701742582,347.472678496764,2.6472602739726,3.11454521123401,0.652877712349354,0.709871036030189,46.7614754455419,8.55646825523788,12.1588901870143,20.4536810555802,6.25674273963777,18.2960348092533,46.7614754455419,8.55646825523788
2020-11-17,29552,776,NA,28407.7142857143,767.285714285714,NA,348.571428571428,2.57142857142867,NA,NA,4644.42898290876,119144.706039186,745.810598508077,301.030303030304,7515.55459363709,2304.61030086345,200392.298183381,61296.0098712179,94.1826576116465,28.5313119257,1221.71538932092,370.101500011529,2.62587980508933,3.10001904684948,0.65130883762874,0.710558870004534,46.7372586644261,8.2959130256945,12.2354806749054,20.579144246797,6.29475004941833,17.7480136194667,46.7372586644261,8.2959130256945
2020-11-18,29755,779,NA,28752.4285714286,770,NA,344.714285714286,2.71428571428567,NA,NA,5057.03539662992,119882.559206154,737.853166967907,322.532467532466,8174.2129038104,2509.07449327931,201600.978471576,61662.1625706155,94.1449527154679,28.5198897575294,1208.68028819529,366.1526993976,2.61804738699378,3.08604865536451,0.649802611120778,0.711160405057474,46.7185479640668,7.42299627184225,12.3112539800356,20.7032688075936,6.33235183993406,15.8868435642609,46.7185479640668,7.42299627184225
2020-11-19,30153,782,NA,29124.8571428571,772.857142857143,NA,372.428571428569,2.85714285714289,NA,NA,5529.04569544375,120679.959115357,797.399909203436,322.532467532452,8930.27211864662,2742.94533973687,202907.202521577,62057.8647811977,94.1183954673016,28.5118446125893,1306.22405000104,395.70221058216,2.59344012204424,3.07592590486804,0.647994916249923,0.711635366055095,46.7053691792625,7.36546849238583,12.393142395422,20.8374105554916,6.37298819644161,15.7681298757536,46.7053691792625,7.36546849238583
2020-11-20,30816,784,NA,29524.8571428571,775.571428571429,NA,400,2.71428571428567,NA,NA,6038.86916695331,121536.531504616,856.572389258494,344.034632034643,9746.9176925369,2995.72454901445,204310.357252976,62482.9307788748,94.1030339255265,28.5071910494901,1403.15473139944,425.065997677142,2.54413291796469,3.06416747094713,0.645073534923305,0.711237899491432,46.6977461585319,7.23542202037274,12.4811074864768,20.9815065306354,6.41664004613796,15.4922284321932,46.6977461585319,7.23542202037274
2020-11-21,31321,786,NA,29942.8571428571,778.428571428571,NA,418,2.85714285714289,NA,NA,6630.13907631143,122431.688859861,895.157355245552,301.030303030304,10699.6009587273,3288.70489071525,205776.718174845,62927.1442032824,94.0989121518491,28.5059424161063,1466.36092186809,444.213424407571,2.50949841959069,3.06154554954995,0.641990653988019,0.710772737196059,46.695700767083,6.92269560197947,12.5730350331149,21.1320934204637,6.46225822717644,14.8232612844827,46.695700767083,6.92269560197947
2020-11-22,31808,790,NA,30372.1428571429,781.428571428571,NA,429.285714285717,3,NA,NA,7202.36050918224,123350.944924767,919.256064905436,344.034632034629,11618.6432035786,3572.30457061461,207282.555291491,63383.316385867,94.1060701802122,28.5081108401578,1505.83711664614,456.172182584654,2.48365191146881,3.06034530989493,0.640449086532601,0.71217655233349,46.6992528713835,6.47557412038286,12.667437379567,21.286734289981,6.50910450436318,13.8648081786068,46.6992528713835,6.47557412038286
2020-11-23,32211,796,NA,30802.2857142857,784.714285714286,NA,430.142857142855,3.28571428571422,NA,NA,7732.94656894066,124271.85565985,920.910735083104,387.038961038954,12467.13589715,3835.24308791688,208791.102930117,63840.3096829759,94.1245440281252,28.5137072326428,1508.54763862633,456.993297108915,2.47120548880817,3.04707911976968,0.640531193304756,0.715252616124956,46.7084203447839,5.9729992434662,12.7620096511937,21.4416535146213,6.55603510532079,12.7862349282439,46.7084203447839,5.9729992434662
2020-11-24,32664,800,NA,31246.8571428571,788.142857142857,NA,444.571428571428,3.42857142857144,NA,NA,8293.97903482019,125223.355658197,951.499998347077,387.038961038983,13365.5941307404,4113.21838247793,210349.758965905,64312.4826144865,94.1543656789369,28.5227412824671,1558.65603578821,472.172931510577,2.44917952485917,3.02724354577629,0.638858458787543,0.716168177092706,46.7232190587206,5.74978333263021,12.859723265411,21.601718585397,6.6045245680151,12.304494669196,46.7232190587206,5.74978333263021
2020-11-25,32995,802,NA,31709.7142857143,791.428571428571,NA,462.857142857145,3.28571428571433,NA,NA,8872.35517487448,126213.558638078,990.202979881098,408.541125541102,14291.1075542048,4399.94424360045,211971.814513912,64803.8615368335,94.1955630995269,28.5352214618036,1622.05554800658,491.378922347008,2.43067131383543,3.01404741956193,0.635430938366744,0.714126329253533,46.7436628914946,5.58134842317884,12.9614114547342,21.7682944238965,6.65498637625067,11.9388170107976,46.7436628914946,5.58134842317884
2020-11-26,33579,805,NA,32199.1428571429,794.714285714286,NA,489.428571428572,3.28571428571422,NA,NA,9485.48980976023,127260.022277293,1046.46363921477,430.043290043293,15272.2946141571,4703.99064673387,213686.030877893,65323.1592826093,94.2481602144156,28.5511550182495,1714.21636398154,519.297745775737,2.39733166562435,2.98731077590605,0.632563145593318,0.712132134490842,46.7697637154243,5.51703335411139,13.0688772923719,21.9443346517116,6.70831528816112,11.7946545036681,46.7697637154243,5.51703335411139
2020-11-27,34170,810,NA,32678.2857142857,798.428571428571,NA,479.142857142855,3.71428571428578,NA,NA,10097.0104221009,128283.798300889,1023.77602359609,408.541125541116,16252.3756063055,5006.94824383526,215363.082566012,65831.1985123637,94.3121769109143,28.5705479763862,1677.0516881191,508.039229754446,2.37050043898156,2.96725349869396,0.63141254837197,0.712258530267635,46.8015313994011,5.05196685857432,13.1740132414927,22.1165582796255,6.76048801479247,10.7930749400275,46.8015313994011,5.05196685857432
2020-11-28,34670,813,NA,33156.7142857143,802.285714285714,NA,478.428571428569,3.85714285714289,NA,NA,10684.5426392725,129305.230950961,1021.43265007203,430.043290043308,17191.9878720774,5298.00182528883,217036.295564385,66338.074865031,94.3876290363411,28.5934051369357,1673.21299837268,506.876352667328,2.34496683011249,2.95915356405176,0.628744865169709,0.710392990205443,46.8389738075076,4.73892063440335,13.2789085395394,22.2883876960316,6.81254132059011,10.1161889249541,46.8389738075076,4.73892063440335
2020-11-29,35251,817,NA,33648.5714285714,806.142857142857,NA,491.857142857145,3.85714285714278,NA,NA,11278.2764425912,130354.367351682,1049.13640072127,451.545454545456,18140.4945855177,5592.20485121066,218754.890189913,66858.6989435844,94.4745283821302,28.6197300719473,1718.59462552815,520.624078553403,2.31766474709937,2.94836828740713,0.626753070570947,0.709506068106644,46.8820967911323,4.60402996560727,13.3866488545153,22.4648775462959,6.86600643929992,9.81919803347523,46.8820967911323,4.60402996560727
2020-11-30,35654,820,NA,34140.4285714286,809.571428571429,NA,491.857142857145,3.42857142857144,NA,NA,11828.3434029614,131402.412667031,1048.04531534854,494.549783549766,19014.6682000042,5865.09844486375,220471.697504033,67378.7815812762,94.5728826942021,28.6495251279387,1716.80731412017,520.082637691768,2.29988220115555,2.93897999190964,0.624037248142356,0.708750741946245,46.9309041941154,4.36165484209396,13.4942771212563,22.641183849889,6.91941595512631,9.29260176130029,46.9309041941154,4.36165484209396
2020-12-01,36343,826,NA,34666,813.285714285714,NA,525.571428571428,3.71428571428578,NA,NA,12427.1617779136,132520.997275749,1118.58460871849,516.051948051958,19967.6196254599,6162.11250418486,222304.055522896,67933.8686803395,94.6826956451205,28.6827914174615,1832.35801886237,555.087099063312,2.27278980821616,2.90293301786734,0.623297452464278,0.709774102963725,46.985397838932,4.44388659715982,13.6091493704583,22.8293565507552,6.97642022916636,9.45681546951401,46.985397838932,4.44388659715982
2020-12-02,36698,829,NA,35195,817.142857142857,NA,529,3.85714285714278,NA,NA,13053.1963562604,133645.438780503,1124.44150475375,494.549783549795,20966.5095785909,6472.48841739241,224146.007747089,68491.8622090143,94.8039668589613,28.7195288266347,1841.9522241932,557.993528674793,2.25897869093684,2.87777023117752,0.620298012086695,0.708383487285888,47.0455775390334,4.25734498145093,13.7246230894244,23.0185145217002,7.03372297692401,9.04825675281849,47.0455775390334,4.25734498145093
2020-12-03,37456,834,NA,35748.8571428571,821.285714285714,NA,553.857142857145,4.14285714285722,NA,NA,13730.1356431505,134821.070708086,1175.63192758267,494.549783549766,22048.9690582721,6807.9813825301,226071.815212118,69075.258503905,94.9366918692841,28.7597360024131,1925.80746502918,583.396294890641,2.22661255873558,2.85138948819815,0.618597668465173,0.708589053095497,47.1114410779906,4.24361358268493,13.8453537723807,23.2162839468411,7.09363444365421,9.00646780678225,47.1114410779906,4.24361358268493
2020-12-04,38398,838,NA,36352.8571428571,825.285714285714,NA,604,4,NA,NA,14447.2018723023,136101.193214294,1280.12250620811,559.056277056297,23193.2763005026,7163.67482814573,228168.789121015,69710.5072663842,95.0808621244283,28.8034103541911,2096.97390889726,635.248762479212,2.18240533361113,2.82632093933464,0.615718334431172,0.707776873154927,47.1829842121223,4.39963579379228,13.9768150408409,23.4316311879486,7.15887086258931,9.32345127155913,47.1829842121223,4.39963579379228
2020-12-05,39096,842,NA,36985.1428571429,829.428571428571,NA,632.28571428571,4.14285714285711,NA,NA,15200.3825657076,137439.0752064,1337.88199210665,580.558441558445,24395.5695559993,7537.2897372255,230360.379079809,70374.4186308882,95.2364649998181,28.8505480575313,2191.58995879337,663.911364504049,2.1536730100266,2.80667491685359,0.612635088482311,0.706703661447679,47.2602006766014,4.37707445149185,14.1142078785414,23.6566949568693,7.22705076701215,9.26049212804031,47.2602006766014,4.37707445149185
2020-12-06,39912,849,NA,37651,834,NA,665.857142857145,4.57142857142856,NA,NA,16021.7034635148,138845.525974337,1406.45076793697,580.558441558416,25709.7570319752,7944.50268543913,232664.29183051,71072.3566059547,95.4034837828864,28.9011440495962,2303.91275070113,697.937975066481,2.12717979555021,2.80289027054277,0.611470909157649,0.70819308965538,47.3430821779737,4.38107286613766,14.2586423378085,23.8932936348551,7.29872500995669,9.25273269838585,47.3430821779737,4.38107286613766
2020-12-07,40711,854,NA,38373.4285714286,838.857142857143,NA,722.428571428572,4.85714285714289,NA,NA,17023.8892957577,140368.620897489,1523.09492315206,516.051948051943,27324.1955994745,8441.10832936635,235159.279848559,71828.178146767,95.5818976331588,28.9551920170572,2494.98801804875,755.821540812292,2.09771314878043,2.78200226464081,0.608398083944753,0.707656852272934,47.4316183743495,4.50961674734753,14.4150554854656,24.149514651246,7.37634356443317,9.50644809161844,47.4316183743495,4.50961674734753
2020-12-08,41464,857,NA,39105,843.285714285714,NA,731.571428571428,4.42857142857144,NA,NA,17999.7188326747,141907.935282891,1539.31438540181,559.056277056297,28892.6575468233,8921.26434016728,237680.837034003,72592.0484432822,95.771681646595,29.0126844155855,2521.55718544411,763.870296515204,2.06685317383755,2.73651906245364,0.603912669359599,0.705137779884276,47.5257969073329,4.29784185598948,14.5731342792392,24.4084641693473,7.45478868014038,9.04208408935907,47.5257969073329,4.29784185598948
2020-12-09,42393,870,NA,39918.5714285714,849.142857142857,NA,813.571428571428,5.85714285714278,NA,NA,19121.5680704779,143616.20010511,1708.26482221877,580.558441558431,30699.9621442562,9461.68898878709,240479.152620447,73439.7588061877,95.9728067712764,29.0736124443107,2798.31558644387,847.710362905535,2.05222560328356,2.71109752927064,0.605781241505668,0.710600342200479,47.6256033601823,4.52044982374789,14.7485633177146,24.6958351941997,7.5418436917146,9.49050836904062,47.6256033601823,4.52044982374789
2020-12-10,43036,876,NA,40715.7142857143,855.142857142857,NA,797.142857142855,6,NA,NA,20162.0782125851,145286.27301778,1670.07291266997,623.562770562785,32371.5872024611,9974.30411838272,243214.90588378,74268.5167929262,96.1852398285721,29.1379660522331,2735.75326333308,828.757986738477,2.03550515847198,2.68845214141995,0.602947533723848,0.710168860509568,47.731021268314,4.16930221828548,14.9200702652573,24.976781425867,7.62695240252527,8.73397467464203,47.731021268314,4.16930221828548
2020-12-11,43818,880,NA,41490,861.142857142857,NA,774.285714285717,6,NA,NA,21172.4390650324,146904.694476288,1618.421458508,602.060606060608,33995.0889820064,10448.0019850108,245866.048688966,75071.6432309828,96.4089435480824,29.2057339488092,2651.14280518633,803.126438056614,2.00830708841116,2.67344341107962,0.599027827624693,0.708124937321841,47.8420321366424,3.84074881423623,15.0862729035257,25.249038646835,7.7094288997111,8.02705674208621,47.8420321366424,3.84074881423623
2020-12-12,44876,887,NA,42315.7142857143,867.571428571429,NA,825.714285714283,6.42857142857144,NA,NA,22264.1702513065,148626.417004553,1721.72252826535,623.56277056277,35750.892915166,10951.5334652026,248686.409398683,75926.0318540318,96.6438765029019,29.2769035843404,2820.36070971639,854.388623048959,1.97655762545681,2.65604772401246,0.59679834707502,0.708334316180688,47.9586154074551,3.90039077064409,15.2630839715325,25.5386735799108,7.7971697304513,8.13190451500168,47.9586154074551,3.90039077064409
2020-12-13,45460,900,NA,43108.2857142857,874.857142857143,NA,792.571428571435,7.28571428571433,NA,NA,23217.2326831783,150274.83441478,1648.41741022683,688.069264069258,37276.2967535719,11422.1165409542,251386.688694964,76744.043501212,96.8899931074977,29.3514611493305,2700.27929628134,818.011647180218,1.97976242850858,2.6514839910809,0.598902672895896,0.713077112880387,48.0807484593598,3.56024836697523,15.4323670226852,25.8159768378133,7.88117485357972,7.40390228614111,48.0807484593598,3.56024836697523
2020-12-14,46457,906,NA,43929.1428571429,882.285714285714,NA,820.857142857138,7.42857142857144,NA,NA,24181.4566619525,151977.560558056,1702.72614327632,731.073593073583,38817.5467334126,11892.0783864899,254175.931348797,77589.0053467476,97.1472436529721,29.4293915851678,2789.24265383335,844.961845535639,1.95019049874077,2.62749252296291,0.59614063857401,0.711928211065275,48.2084066247832,3.53594047786458,15.6072272704738,26.1024161243173,7.96794760812144,7.33388929900332,48.2084066247832,3.53594047786458
2020-12-15,47142,913,NA,44740.2857142857,890.285714285714,NA,811.142857142862,8,NA,NA,25184.8304565621,153655.501452233,1677.94089417669,666.56709956711,40427.0860053033,12321.1693565324,256924.573184791,78421.6677453616,97.4155742463023,29.5106785657187,2748.64183599333,832.662398613989,1.93670187942811,2.60546009448556,0.594186339812782,0.711703279831616,48.3415631598192,3.35476525176727,15.77954221477,26.3846859387686,8.05345727972708,6.93895705967453,48.3415631598192,3.35476525176727
2020-12-16,47929,926,NA,45531.1428571429,898.285714285714,NA,790.857142857138,8,NA,NA,25926.5413315987,155286.801071858,1631.29961962538,881.588744588735,41595.3502198709,12688.1569228772,259596.811758332,79231.1848498374,97.6949268254584,29.5953045019076,2672.23857354184,809.517104475759,1.93202445283649,2.59095966047221,0.596315973803528,0.716134987880874,48.4801892517312,3.14054904725695,15.9470673666164,26.6591095746333,8.13659006184634,6.47731030962861,48.4801892517312,3.14054904725695
2020-12-17,48768,932,NA,46350,906.285714285714,NA,818.857142857145,8,NA,NA,26699.5012307052,156970.851880056,1684.05080819741,903.090909090912,42813.5391925294,13070.723489351,262355.462269452,80066.8792358602,97.9852391679018,29.6832505442915,2758.65051112004,835.694386022777,1.91108923884514,2.57095036817598,0.593740805275209,0.714974127016062,48.6242540231693,3.15871090868122,16.1200097641786,26.9424072228438,8.2224111012381,6.49547036243097,48.6242540231693,3.15871090868122
2020-12-18,49109,939,NA,47105.8571428571,914.714285714286,NA,755.857142857145,8.42857142857133,NA,NA,27337.7037586323,158520.573888502,1549.72200844655,903.090909090912,43811.2550379258,13386.2020800087,264894.068224739,80835.9142174953,98.2864448181591,29.7744965611188,2538.60595528653,769.034981635108,1.91207314341567,2.56553061567927,0.592352132575837,0.714598751226429,48.7737244962293,2.83127848164387,16.2791573613835,27.2031075522138,8.30138660060295,5.80431070624018,48.7737244962293,2.83127848164387
2020-12-19,50136,952,NA,47857.2857142857,924,NA,751.428571428572,9.28571428571433,NA,NA,27896.5872470602,160056.340493813,1535.76660531099,967.597402597385,44675.7917990956,13662.1034459096,267409.813777118,81598.0239614842,98.5984731668131,29.8690211622594,2515.74555237865,762.109743988927,1.89883516834211,2.54244283630961,0.594790557539204,0.718376724874084,48.9285656316516,2.74897943768085,16.4368718184091,27.4614602487993,8.37965091762318,5.61776006818438,48.9285656316516,2.74897943768085
2020-12-20,50616,966,NA,48593.8571428571,933.428571428571,NA,736.571428571428,9.42857142857144,NA,NA,28291.0378569204,161556.830064713,1500.4895708992,1096.6103896104,45263.4751719629,13856.7663693848,269867.77187526,82342.6278086973,98.921249376863,29.9668016768962,2457.95809814206,744.603847213148,1.90848743480322,2.54354071455821,0.597932009196431,0.722808057509948,49.0887402922779,2.6406418401322,16.590963525527,27.7138785039557,8.45611747905009,5.37875675476155,49.0887402922779,2.6406418401322
2020-12-21,51056,973,NA,49250.8571428571,943,NA,657,9.57142857142856,NA,NA,28497.2500228744,162890.726213351,1333.89614863798,1118.11255411257,45541.6311423766,13959.7206707225,272052.832607578,83006.2641723337,99,30.0678141473395,2185.06073231844,663.636363636353,1.90575054841742,2.51762067492525,0.597332962175874,0.721697279876036,49.2542092329187,2.32253512710015,16.7279470398732,27.9382717586169,8.52426914245481,4.71490708606752,49.2542092329187,2.32253512710015
2020-12-22,51623,980,NA,49891,952.571428571429,NA,640.142857142855,9.57142857142856,NA,NA,28578.7394747333,164185.908305902,1295.18209255155,1204.12121212119,45610.4207413535,14003.2544293616,274174.475686408,83652.8731189427,99,30.1720333419958,2121.64307883038,646.608946608962,1.89837862968057,2.48078396940317,0.596884355126335,0.720052467473208,49.4249311215979,2.2465703620946,16.8609548418202,28.1561523825494,8.59067218740297,4.54493711327206,49.4249311215979,2.2465703620946
2020-12-23,52235,989,NA,50506.1428571429,961.571428571429,NA,615.142857142855,9,NA,NA,28605.804069927,165426.094113217,1240.18580731493,1204.12121212122,45589.6921293025,14022.1070913195,276206.029125639,84274.2295402991,99,30.2794327367391,2031.55343923101,621.35642135641,1.89336651670336,2.45951357829811,0.597850058239985,0.719591570675778,49.6008625090361,2.15267964371662,16.9883148394495,28.3647813151482,8.65448194226723,4.33953991711703,49.6008625090361,2.15267964371662
2020-12-24,53015,998,NA,51112.8571428571,971,NA,606.71428571429,9.42857142857144,NA,NA,28610.9976062877,166644.837433128,1218.74331991049,1204.12121212122,45533.4099195766,14032.0174733351,278202.457538624,84887.0722531418,99,30.389984522772,1996.42841298477,612.842712842714,1.88248608884278,2.43285227500501,0.598878438343753,0.718784413827248,49.7819578415286,2.12117739073951,17.1134728161164,28.5698031082094,8.71741738790321,4.26047566057315,49.7819578415286,2.12117739073951
2020-12-25,53653,1009,NA,51762,981,NA,649.142857142855,10,NA,NA,28631.4826446544,167943.950177122,1299.11274399434,1268.6277056277,45498.7482248553,14052.418725383,280330.539433647,85542.7721088417,99,30.5036595941746,2128.0818950223,655.699855699873,1.88060313495983,2.40966814865761,0.600795681497225,0.718821623770792,49.9681694405492,2.26910524737995,17.2468842735121,28.788344961782,8.78475401728157,4.54060624474288,49.9681694405492,2.26910524737995
2020-12-26,54473,1017,NA,52381.5714285714,990.285714285714,NA,619.571428571428,9.28571428571433,NA,NA,28459.7600916453,169179.154031039,1235.20385391731,1397.64069264068,45141.1883249135,13980.0744447681,282353.931914657,86168.6018346714,99,30.6204275436469,2023.39248101052,625.829725829724,1.86697997172911,2.38830241724319,0.601137891854815,0.716661825832803,50.1594474957756,2.16418955727045,17.3737326529877,28.9961358105924,8.84902315496069,4.31414561812057,50.1594474957756,2.16418955727045
2020-12-27,55057,1032,NA,53016,999.714285714286,NA,634.428571428572,9.42857142857133,NA,NA,28291.0819154141,170439.04728338,1259.89325234029,1419.14285714287,44787.4421927967,13911.9962405996,284417.768200123,86809.4387755083,99,30.7402566713513,2063.83628546557,640.836940836933,1.87442105454347,2.35820603805884,0.60549505318705,0.718581886475689,50.3557400795738,2.22946116690176,17.5031164926388,29.208080007078,8.91483344788966,4.42692857664021,50.3557400795738,2.22946116690176
2020-12-28,55488,1041,NA,53649.1428571429,1009.42857142857,NA,633.142857142855,9.71428571428578,NA,NA,28093.0574843282,171691.382159653,1252.33487627341,1440.64502164503,44384.5417601828,13831.735339429,286469.223078864,87448.9770150466,99,30.8631139638455,2051.45487874147,639.538239538248,1.87608131487889,2.34554459389481,0.606320472760824,0.7165164185006,50.5569931124896,2.23821190993569,17.6317241302464,29.4187527038239,8.98051037161433,4.42660651868208,50.5569931124896,2.23821190993569
2020-12-29,56189,1047,NA,54301.4285714286,1019,NA,652.285714285717,9.57142857142856,NA,NA,27927.8001223335,172976.341247875,1284.95908822169,1440.64502164503,44035.2260396297,13770.9535147374,288574.119812523,88107.851473921,99,30.9889651047977,2104.89673365938,658.874458874474,1.86335403726708,2.32552832169428,0.605285088380758,0.712706972185288,50.7631503807994,2.32214085282294,17.7636820880495,29.6349135737739,9.04817301460323,4.57393820141686,50.7631503807994,2.32214085282294
2020-12-30,56596,1055,NA,54924.4285714286,1028.42857142857,NA,623,9.42857142857133,NA,NA,27785.9232120673,174198.529272673,1222.18802479873,1354.63636363635,43729.1763586484,13723.1261432785,290576.191010663,88737.144403214,99,31.1177744617128,2002.07119813957,629.292929292933,1.86408933493533,2.29171176448117,0.605630830756674,0.709833434232408,50.9741535147673,2.23101038154371,17.8891938162299,29.8405148486351,9.11279780349386,4.37624166402338,50.9741535147673,2.23101038154371
2020-12-31,57456,1061,NA,55558.8571428571,1037.42857142857,NA,634.428571428572,9,NA,NA,27597.1421253008,175437.89104305,1239.36177037639,1419.14285714284,43342.2260934489,13655.4765105386,292606.394591617,89377.9813440509,99,31.2495050929987,2030.20358095434,640.836940836933,1.84663046505152,2.28206900886179,0.604772431822979,0.706039706602829,51.1899420002205,2.28354019421221,18.0164691899731,30.0490051585001,9.17860809642284,4.4603944267655,51.1899420002205,2.28354019421221
2021-01-01,58064,1065,NA,56189,1045.42857142857,NA,630.142857142855,8,NA,NA,27309.7002052392,176663.60063814,1225.70959508995,1505.15151515152,42787.9634261717,13542.1047477984,294614.234488443,90014.4892805589,99,31.3841187307417,2007.83989682538,636.507936507958,1.83418297051529,2.25031442286108,0.602840650905469,0.700761346668124,51.4104531503329,2.28363247575312,18.1423425633048,30.2551988457617,9.24397382533744,4.44143668762801,51.4104531503329,2.28363247575312
2021-01-02,58873,1072,NA,56817.5714285714,1053.28571428571,NA,628.571428571428,7.85714285714289,NA,NA,27121.5236737993,177880.921942198,1217.32130405793,1397.64069264071,42402.5386196531,13446.8825255762,296608.333491448,90649.4099154795,99,31.5215757905759,1994.09900300525,634.920634920622,1.8208686494658,2.23428304757056,0.602650350748883,0.697664574238009,51.6356221217932,2.30191725014429,18.2673545070672,30.4599814217252,9.30917654744676,4.45746857310572,51.6356221217932,2.30191725014429
2021-01-03,59484,1080,NA,57450,1060.14285714286,NA,632.428571428572,6.85714285714289,NA,NA,26914.8891704291,179100.287438827,1219.36549662982,1419.14285714284,41984.9752338536,13274.6992643929,298605.781094659,91288.2266542962,99,31.6618353548695,1997.44760321139,638.816738816735,1.81561428283236,2.21190272516192,0.603014107595377,0.695487312859406,51.8653818872614,2.33211459369768,18.3925763777288,30.6651078798004,9.37477937716903,4.49593286607192,51.8653818872614,2.33211459369768
2021-01-04,60333,1085,NA,58142.1428571429,1066.42857142857,NA,692.142857142855,6.28571428571422,NA,NA,26774.9540260586,180428.78519489,1328.4977560624,1462.14718614719,41673.7789178184,13180.1191778128,300781.998698038,91987.3608534304,99,31.8048551793838,2176.21760337875,699.134199134205,1.79835247708551,2.18673837645294,0.601345289127807,0.691211130604723,52.0996632462775,2.57191213294774,18.5290055079968,30.8885929956374,9.44657646549168,4.93592133205583,52.0996632462775,2.57191213294774
2021-01-05,61100,1093,NA,58843.7142857143,1073,NA,701.571428571428,6.57142857142867,NA,NA,26668.1902798723,181769.23789892,1340.45270403015,1440.64502164503,41418.3675161069,13117.4914721851,302977.799750539,92696.0188620884,99,31.9505916882748,2195.80105250096,708.658008658022,1.78887070376432,2.18493555152823,0.601311868077373,0.689500405650043,52.3383948170734,2.62057430369172,18.6666623431263,31.1140892198252,9.51935159464598,5.00636790160519,52.3383948170734,2.62057430369172
2021-01-06,61729,1102,NA,59577,1079.71428571429,NA,733.285714285717,6.71428571428578,NA,NA,26636.9028473226,183163.807609227,1394.56971030738,1419.14285714281,41287.9497258826,13035.1841128778,305262.250092183,93436.7115027811,99,32.0989999615442,2284.45034164371,740.692640692636,1.78522250481945,2.15357085869293,0.601647243734457,0.688507557151474,52.5815030160162,2.75000340491373,18.8098766856474,31.3486892195833,9.59541649750669,5.22933763285737,52.5815030160162,2.75000340491373
2021-01-07,62949,1112,NA,60361.7142857143,1087,NA,784.714285714283,7.28571428571422,NA,NA,26760.3687037387,184649.195543566,1485.38793433821,1354.63636363638,41415.1917494801,13036.9676626613,307695.470137758,94229.3521954218,99,32.2500337419606,2433.22004557558,792.640692640693,1.76650939649558,2.14754227912123,0.602223040683455,0.688302685534608,52.8289120689462,2.94633028512759,18.9624175409612,31.5985670180617,9.67681616853999,5.57642884704787,52.8289120689462,2.94633028512759
2021-01-08,63503,1116,NA,61138.7142857143,1094.28571428571,NA,777,7.28571428571422,NA,NA,27012.7749590202,186113.008725254,1463.81318168837,1204.12121212122,41762.5023390026,13001.6732903669,310093.348492849,95014.2006802703,99,32.4036454289094,2397.87835509027,784.848484848495,1.75739728831709,2.14330483055021,0.599635677078046,0.685121876452493,53.0805440011021,2.90390373780144,19.1127427924275,31.844815426823,9.75741562434741,5.47007852505357,53.0805440011021,2.90390373780144
2021-01-09,64475,1128,NA,61939,1102.28571428571,NA,800.285714285717,8,NA,NA,27322.6076390583,187613.460452911,1500.4517276572,1182.61904761905,42205.6035741803,12998.7569844507,312551.244599821,95822.5700886397,99,32.5597860713251,2457.89610697265,808.369408369414,1.74951531601396,2.13526086102263,0.601236178511358,0.687026074063782,53.3363186255434,2.96297888623909,19.2668306132606,32.0972273158405,9.84043054463296,5.55460048045218,53.3363186255434,2.96297888623909
2021-01-10,65273,1137,NA,62766,1110.42857142857,NA,827,8.14285714285711,NA,NA,27825.3820641329,189156.481631232,1543.02117832136,1032.10389610389,42973.705399727,13041.9676626613,315078.873897896,96657.9236239932,99,32.7184053702056,2527.62929807423,835.353535353526,1.74191472737579,2.12583243309768,0.601089632348218,0.687315992132318,53.5961535472691,3.02715960356713,19.4252900734914,32.3568004052209,9.92621658060816,5.64741549820294,53.5961535472691,3.02715960356713
2021-01-11,65827,1146,NA,63550.8571428571,1119.14285714286,NA,784.857142857145,8.71428571428578,NA,NA,28327.7906341158,190613.699725025,1457.21809379235,946.095238095237,43746.6301312327,13013.4669411606,317465.948812551,97450.7086167782,99,32.8794516685857,2387.07491465576,792.784992785018,1.74092697525332,2.11099284569057,0.601215968030207,0.687690070482907,53.8599641467936,2.82098199676824,19.5749380471064,32.6019393623662,10.0076310704419,5.23701018887614,53.8599641467936,2.82098199676824
2021-01-12,66446,1157,NA,64314.5714285714,1128.28571428571,NA,763.714285714283,9.14285714285711,NA,NA,28740.498240241,192024.649755393,1410.95003036768,989.099567099591,44370.3600285554,13026.4669411606,319777.231823427,98222.1371882068,99,33.0428719512303,2311.28301087592,771.428571428551,1.74126358245794,2.10293126998623,0.602526811778501,0.688920320606828,54.1276635796435,2.69629832005538,19.7198345549222,32.8392949239679,10.0868523778048,4.98079800359877,54.1276635796435,2.69629832005538
2021-01-13,67173,1166,NA,65092.2857142857,1137.42857142857,NA,777.71428571429,9.14285714285711,NA,NA,29150.3975030764,193454.293606972,1429.64385157998,1010.60173160172,44988.2251713151,13058.1797838735,322119.137259227,99007.7071737768,99,33.2086118348599,2341.90543579997,785.569985570008,1.73581647388088,2.08805935312645,0.602726348565248,0.689210208360585,54.3991627603465,2.70629149579591,19.8666508113847,33.0797952336734,10.1675259276146,4.97431825861065,54.3991627603465,2.70629149579591
2021-01-14,68065,1178,NA,65823.1428571429,1146.85714285714,NA,730.857142857138,9.42857142857156,NA,NA,29381.1039638074,194791.039028742,1336.74542176994,1096.6103896104,45307.6785843204,13057.7050363987,324308.865397507,99745.9467120163,99,33.3766155752661,2189.72813827998,738.239538239548,1.73069859692941,2.08303602240795,0.604750611667603,0.69115617505266,54.6743703740869,2.50747064563402,20.0039269298046,33.3046678042634,10.2433389108671,4.58568505499408,54.6743703740869,2.50747064563402
2021-01-15,68727,1182,NA,66569.4285714286,1156.28571428571,NA,746.28571428571,9.42857142857133,NA,NA,29633.1038638497,196149.077889824,1358.0388610813,1096.61038961037,45662.0128672816,13152.3861330798,326533.474405743,100499.77066584,99,33.5468260500091,2224.60900823586,753.823953823943,1.7198480946353,2.08384824518042,0.602602883845279,0.688444571376843,54.9531928483627,2.54029536050072,20.1433897627992,33.5331224409347,10.3207523245715,4.62215055892445,54.9531928483627,2.54029536050072
2021-01-16,69372,1188,NA,67269,1164.85714285714,NA,699.571428571435,8.57142857142867,NA,NA,29686.9354573491,197415.602124016,1266.52423419198,1204.12121212122,45684.8579113637,13218.3096540033,328608.172929679,101206.408472478,99,33.7191847635,2074.69852393557,706.637806637824,1.712506486767,2.07310531039375,0.601776144954188,0.686799126071004,55.2355343613106,2.36102950544446,20.2734545664058,33.7461821272586,10.3933199905191,4.27401813867041,55.2355343613106,2.36102950544446
2021-01-17,70294,1200,NA,67986.2857142857,1173.85714285714,NA,717.28571428571,9,NA,NA,29744.2230328167,198707.513076107,1291.91095209101,1225.62337662335,45712.3732908682,13326.8406785344,330724.457539952,101930.939497009,99,33.8936318302145,2116.28461027384,724.531024531025,1.70711582780892,2.07409912866129,0.603902681596337,0.688869191381999,55.5212968142087,2.41642274664264,20.4061264409145,33.9635124670816,10.4677251877261,4.35178280340552,55.5212968142087,2.41642274664264
2021-01-18,70910,1210,NA,68712.4285714286,1183,NA,726.142857142855,9.14285714285711,NA,NA,29724.5373989348,200008.602334,1301.08925789304,1311.63203463206,45608.8321155247,13404.6802883815,332855.77717047,102664.417130487,99,34.0701059918753,2131.31963051728,733.477633477625,1.70638837963616,2.05896686159844,0.604973979058855,0.689702773332521,55.8103798596224,2.44154714819693,20.5397408749964,34.1823868175934,10.5430491505628,4.37425868027397,55.8103798596224,2.44154714819693
2021-01-19,71311,1219,NA,69407.4285714286,1191.85714285714,NA,695,8.85714285714289,NA,NA,29578.3417093917,201247.402315452,1238.79998145247,1376.13852813852,45294.0787977103,13419.5533368034,334885.060482692,103366.437332507,99,34.2485445878388,2029.28331222222,702.020202020212,1.70941369494187,2.05266110301933,0.605722104223356,0.69001197507396,56.1026808528954,2.33837973069334,20.6669585562264,34.3907826211168,10.6151426148951,4.16760054101585,56.1026808528954,2.33837973069334
2021-01-20,71775,1228,NA,70064.8571428571,1200.71428571429,NA,657.42857142858,8.85714285714289,NA,NA,29359.0389096345,202413.095186691,1165.69287123857,1376.13852813852,44859.5684238876,13396.4754472744,336794.586738906,104030.506596576,99,34.4288835667592,1909.5262562139,664.069264069272,1.71090212469523,2.03949906699894,0.606680115665137,0.690349468954877,56.3980948712562,2.22290006868445,20.7866685548748,34.5868800591217,10.6833387347012,3.94103524359664,56.3980948712562,2.22290006868445
2021-01-21,72523,1241,NA,70701.7142857143,1209.71428571429,NA,636.857142857145,9,NA,NA,29054.1699368622,203536.369071061,1123.27388437052,1419.1428571429,44282.4541182055,13331.2789169877,338634.626279378,104673.796639866,99,34.6110574718341,1840.03954047174,643.29004329005,1.71118128042138,2.03368012526778,0.609719042185884,0.692907877338762,56.6965146896498,2.1694284773949,20.9020223658978,34.7758416083751,10.7494009472384,3.82598997136074,56.6965146896498,2.1694284773949
2021-01-22,73233,1252,NA,71345.4285714286,1219.71428571429,NA,643.714285714275,10,NA,NA,28754.3933674127,204665.735358755,1129.36628769338,1419.14285714284,43714.3198033043,13272.0087936273,340484.64581063,105324.013090083,99,34.7949994494599,1850.01953125268,650.216450216438,1.7096117870359,2.02163705718974,0.611729167955444,0.693902582477433,56.9978307949144,2.21579668282431,21.0180018319382,34.9658280456692,10.8161744621985,3.88710567243055,56.9978307949144,2.21579668282431
2021-01-23,73915,1254,NA,71994.4285714286,1229.14285714286,NA,649,9.42857142857133,NA,NA,28587.4320035266,205798.332436427,1132.59707767237,1290.12987012989,43370.9723641656,13274.42149204,342339.957712151,105979.568645638,99,34.9806412317031,1855.31190152059,655.555555555577,1.69654332679429,2.01169043722235,0.609334383400493,0.689885711408075,57.3019313570694,2.25728178564363,21.134313081653,35.1563579791562,10.8834962727764,3.9388661871613,57.3019313570694,2.25728178564363
2021-01-24,74575,1267,NA,72606,1238.71428571429,NA,611.571428571435,9.57142857142867,NA,NA,28284.8197773727,206859.928002481,1061.59556605387,1354.63636363635,42801.7126630782,13214.9072518942,344078.961747327,106597.317563387,99,35.1679131388235,1739.00403517636,617.748917748919,1.69896077774053,2.00669747722187,0.612491753349544,0.691730542478727,57.6087022334476,2.13952398839248,21.2433328817332,35.3349437591991,10.9469355576287,3.713504472605,57.6087022334476,2.13952398839248
2021-01-25,75191,1271,NA,73217.5714285714,1247.42857142857,NA,611.571428571435,8.71428571428555,NA,NA,27955.8928312227,207915.853870184,1055.92586770284,1376.13852813852,42187.5353693215,13145.6518731877,345808.678226464,107215.066481136,99,35.3567440645823,1729.71647913713,617.748917748948,1.6903618784163,1.98164954396189,0.611304994949338,0.688332270421467,57.9180269446286,2.1624144711419,21.3517704361821,35.5125757602935,11.0103748424809,3.73318930795366,57.9180269446286,2.1624144711419
2021-01-26,75490,1276,NA,73814.5714285714,1255.57142857143,NA,597,8.14285714285734,NA,NA,27639.8642497844,208941.102345023,1025.24847483877,1333.13419913422,41596.6511004907,13083.4458711697,347488.141942982,107818.096784166,99,35.5470614892504,1679.46371651714,603.030303030304,1.69029010464962,1.97718442998194,0.610698414854227,0.685604949777408,58.2297866957478,2.13572932106356,21.4570575976338,35.6850470897447,11.0723026096843,3.66737875634474,58.2297866957478,2.13572932106356
2021-01-27,75832,1283,NA,74394.1428571429,1263.42857142857,NA,579.57142857142,7.85714285714266,NA,NA,27288.8510631426,209931.080500372,989.978155349527,1333.13419913419,40948.276091451,13003.9209658328,349109.829205004,108403.522469592,99,35.738791451599,1621.68726202263,585.425685425667,1.69189787952316,1.95956350745029,0.611152954075195,0.683852851977014,58.5438603306141,2.09708659523307,21.5587226987619,35.8515851073776,11.1324224832292,3.58170411548692,58.5438603306141,2.09708659523307
2021-01-28,76495,1292,NA,74961.5714285714,1270.71428571429,NA,567.42857142858,7.28571428571445,NA,NA,26890.9578206444,210895.109335796,964.028835423873,1354.63636363635,40221.4776444784,12902.1036953839,350689.00878001,108976.682642752,99,35.9318585681849,1579.17957500543,573.160173160184,1.68899928099876,1.94676862671286,0.612626819118325,0.68303237026728,58.860124363301,2.0795595799062,21.6577229529738,36.0137578283865,11.1912827587334,3.53268385390519,58.860124363301,2.0795595799062
2021-01-29,76935,1299,NA,75490.4285714286,1277.42857142857,NA,528.85714285713,6.71428571428555,NA,NA,26272.7570558334,211788.774371851,893.665036054823,1505.15151515152,39124.5771423646,12687.7088446206,352152.925127713,109510.881776951,99,36.1261860137652,1463.91634770308,534.199134199138,1.68843829206473,1.9405845191617,0.613346955641409,0.681483021353611,59.1784529460642,1.96687933980509,21.7494972469562,36.1640936744132,11.2461419581081,3.32329194822785,59.1784529460642,1.96687933980509
2021-01-30,77551,1301,NA,76009.8571428571,1284.14285714286,NA,519.42857142858,6.71428571428578,NA,NA,25719.9079206252,212661.7823795,873.008007648867,1419.14285714284,38139.7869955487,12506.1833100049,353583.003112765,110035.557101627,99,36.321695519957,1430.07798505214,524.675324675336,1.67760570463308,1.93261122888188,0.611769536323333,0.677517184203829,59.4987178671458,1.97727196887689,21.8391501821283,36.3109545139032,11.3000231166511,3.32286408234049,59.4987178671458,1.97727196887689
2021-01-31,78071,1305,NA,76509.2857142857,1289.57142857143,NA,499.428571428565,5.42857142857156,NA,NA,25108.7089316347,213496.656983583,834.874604083074,1440.64502164503,37057.3288993103,12281.5137573353,354950.614613596,110540.0304061,99,36.5183073647026,1367.6115008312,504.4733044733,1.67155537907802,1.91977644078935,0.611250788859121,0.674577945864193,59.8207885335174,1.94200667156973,21.924887034598,36.4514004023147,11.3518296431271,3.24602485615267,59.8207885335174,1.94200667156973
2021-02-01,78495,1308,NA,76981.2857142857,1294.85714285714,NA,472,5.28571428571422,NA,NA,24576.5674283174,214281.433229183,784.776245600428,1311.63203463203,36111.8704113705,11976.9957198173,356236.15978866,111016.798082868,99,36.7159403773245,1285.54517506389,476.767676767675,1.666348175043,1.90238322611789,0.610412194975865,0.671488794619037,60.1445319791603,1.88003104086402,22.0054790718473,36.5834185478884,11.400790959911,3.12551413032504,60.1445319791603,1.88003104086402
2021-02-02,78696,1316,NA,77439.2857142857,1300.57142857143,NA,458,5.71428571428578,NA,NA,24102.6324740761,215038.83593728,757.40270809643,1225.62337662341,35267.091366298,11665.0505538721,357476.864260071,111479.424345494,99,36.9145119207253,1240.70447141107,462.626262626261,1.67225780217546,1.89237334464101,0.611982479473539,0.670918270000327,60.4698128359076,1.86376955573714,22.0832600031712,36.7108318093574,11.4483000342479,3.08180835385394,60.4698128359076,1.86376955573714
2021-02-03,78982,1318,NA,77889.2857142857,1305.57142857143,NA,450,5,NA,NA,23655.1876948523,215779.010205675,740.174268395233,1182.61904761899,34467.7789884322,11322.167436989,358689.346754,111933.969800039,99,37.1139379127675,1212.48249392898,454.545454545456,1.6687346484009,1.88198614508941,0.610810105553695,0.667627069907087,60.7964933684664,1.86722420214506,22.1592716721582,36.8353468349621,11.494979255758,3.0709270831364,60.7964933684664,1.86722420214506
2021-02-04,79225,1321,NA,78279.2857142857,1309.71428571429,NA,390,4.14285714285711,NA,NA,23192.4771722996,216417.052929875,638.042724200612,1096.61038961043,33647.970371446,10892.2496880713,359734.527148003,112327.909193979,99,37.3141327791663,1045.18039400282,393.939393939392,1.66740296623541,1.86319498920859,0.610395522033117,0.664796201990634,61.1244333972507,1.64887251546729,22.2247950150011,36.9426808906473,11.5354345810668,2.69726341820343,61.1244333972507,1.64887251546729
2021-02-05,79546,1325,NA,78652.2857142857,1313.42857142857,NA,373,3.71428571428555,NA,NA,22785.1242385643,217024.016013456,606.963083580631,1010.6017316017,32923.6273575242,10487.1602219818,360728.795855693,112704.676870747,99,37.5150094853737,994.268707689946,376.767676767689,1.66570286375179,1.85224731551061,0.610531509064806,0.662471505994201,61.4534903506121,1.60846313320838,22.2871266563003,37.0447866069903,11.5741264691184,2.617068798091,61.4534903506121,1.60846313320838
2021-02-06,79832,1329,NA,78978.1428571429,1317.42857142857,NA,325.857142857145,4,NA,NA,22297.9400884733,217551.433594967,527.417581510759,1010.60173160175,32068.6948172975,10055.3088511305,361592.760751363,113033.825499895,99,37.7164795109165,863.964895670768,329.148629148636,1.66474596652971,1.84744088770116,0.610890021747366,0.660381194842363,61.7835192228016,1.43029533930818,22.3412894289547,37.1335108662226,11.6079281530119,2.31474525215928,61.7835192228016,1.43029533930818
2021-02-07,80594,1335,NA,79338.5714285714,1321.71428571429,NA,360.42857142858,4.28571428571445,NA,NA,22056.8381009808,218131.699572842,580.265977875504,817.082251082291,31628.4323522304,9642.80668662829,362543.296821095,113397.894763964,99,37.9184528505534,950.536069731344,364.069264069272,1.65645085242078,1.84146887595163,0.612015586278506,0.659542308153875,62.1143725758653,1.61660923535432,22.40087943001,37.2311254904777,11.6453159866214,2.60232997116836,62.1143725758653,1.61660923535432
2021-02-08,80931,1339,NA,79686.5714285714,1326.14285714286,NA,348,4.42857142857133,NA,NA,21814.1118219941,218688.981951864,557.282379021926,795.58008658007,31186.8646822983,9264.32183814344,363456.183363617,113749.40991548,99,38.1208380001451,912.886542522174,351.515151515152,1.65449580506852,1.8285824595547,0.612285076298324,0.65786768532385,62.4459005164991,1.57792625568115,22.4581091467608,37.324873723368,11.6814145845892,2.52657419196066,62.4459005164991,1.57792625568115
2021-02-09,81210,1343,NA,80045.7142857143,1330,NA,359.142857142855,3.85714285714289,NA,NA,21522.252490111,219261.066342925,572.084391060664,860.086580086587,30660.6541388882,8882.66382948543,364393.317142551,114112.18047825,99,38.3235419761826,937.133778934251,362.770562770558,1.65373722447974,1.81612114757008,0.612511843712164,0.656191910993739,62.7779507280365,1.64657135520924,22.516858945589,37.4211120089212,11.7186690489944,2.62254267205076,62.7779507280365,1.64657135520924
2021-02-10,81461,1346,NA,80399.8571428571,1334,NA,354.142857142855,4,NA,NA,21326.8251871718,219822.214797561,561.14845463651,752.575757575745,30298.8224336228,8541.81245863406,365312.536719337,114469.90053597,99,38.5264702891914,919.219576785923,357.720057720057,1.65232442518506,1.80477575593587,0.612313000867341,0.65403834135332,63.1103684268835,1.64566665474077,22.5744856862198,37.5155106082518,11.7554048553828,2.60729426389893,63.1103684268835,1.64566665474077
2021-02-11,81875,1350,NA,80778.4285714286,1338.14285714286,NA,378.57142857142,4.14285714285711,NA,NA,21206.2506157596,220418.925940435,596.711142873508,713.142857142841,30214.0263330729,8206.92212674372,366290.011681058,114852.295918366,99,38.7295269338532,977.474961721047,382.395382395378,1.64885496183206,1.7943585077343,0.612470092683792,0.652615522511353,63.4429963463359,1.7753040970969,22.6357645117744,37.615891702821,11.7946746766532,2.79793704705956,63.4429963463359,1.7753040970969
2021-02-12,82263,1352,NA,81166.5714285714,1342,NA,388.14285714287,3.85714285714289,NA,NA,21088.5713311494,221027.53237011,608.606429675536,722.428571428551,30258.463203193,7872.69990452151,367286.972360702,115244.359410429,99,38.9326144017547,996.960679643904,392.063492063506,1.6435092325833,1.78478807304066,0.611688501202681,0.650263063077502,63.775674757463,1.83053759584831,22.6982649153296,37.7182738693053,11.8349373575557,2.86993887181191,63.775674757463,1.83053759584831
2021-02-13,82672,1356,NA,81572.2857142857,1345.85714285714,NA,405.714285714275,3.85714285714289,NA,NA,21026.5724239405,221660.390605759,632.858235648193,691,30269.6526968125,7587.65517147677,368323.66002282,115654.171820242,99,39.1356336667057,1036.68766211765,409.81240981241,1.64021676020902,1.78282837840395,0.611746643725698,0.648986716725965,64.1082414450583,1.9240833279076,22.7632558408155,37.8247357699422,11.8770227509172,3.00095357675279,64.1082414450583,1.9240833279076
2021-02-14,83003,1361,NA,81916.4285714286,1349.57142857143,NA,344.142857142855,3.71428571428578,NA,NA,20903.7624838258,222194.437808501,534.047202742455,653.14285714287,30046.1479317863,7278.41707623866,369198.484928123,116001.790867861,99,39.3384841991256,874.82490530354,347.619047619039,1.63969976988784,1.77968592226425,0.612526584114127,0.648308005063399,64.4405317312048,1.63689432952212,22.8180994376975,37.914575290124,11.9127212412721,2.53986808679477,64.4405317312048,1.63689432952212
2021-02-15,83239,1364,NA,82246.1428571429,1353.14285714286,NA,329.71428571429,3.57142857142844,NA,NA,20742.6592788052,222703.473131619,509.035323117947,666.567099567066,29745.3267821869,6975.46180928341,370032.337771198,116334.835600905,99,39.5410639242477,833.852843074594,333.04473304475,1.63865495741179,1.76892980867097,0.61247360933337,0.646767013372597,64.77237840681,1.57747877494113,22.870374457427,38.0002072135752,11.9469230327785,2.43513732760699,64.77237840681,1.57747877494113
2021-02-16,83369,1364,NA,82554.5714285714,1356.14285714286,NA,308.42857142858,3,NA,NA,20573.552459478,223177.223455149,473.750323529966,639.857142857159,29533.2252770835,6644.14867797031,370808.390112248,116646.379612449,99,39.7432692505195,776.052341050352,311.544011544029,1.6360997493073,1.76271249384917,0.611173478584887,0.644037911851334,65.1036117781285,1.48710062174214,22.9190259092705,38.079903355664,11.9789168230135,2.28394207879625,65.1036117781285,1.48710062174214
2021-02-17,83581,1365,NA,82857.4285714286,1358.85714285714,NA,302.85714285713,2.71428571428578,NA,NA,20388.6814460705,223640.066727456,462.843272306753,645,29267.0554215957,6302.35069817232,371566.575568116,116952.295918366,99,39.9449950554047,758.185455867613,305.916305916297,1.63314628922841,1.75221098742394,0.610355747060069,0.641864271392275,65.4340596435041,1.47224039952954,22.9665572692619,38.1577646707124,12.0103326800298,2.24970030439991,65.4340596435041,1.47224039952954
2021-02-18,83852,1366,NA,83139.8571428571,1361.14285714286,NA,282.42857142858,2.28571428571422,NA,NA,20192.2936324172,224069.527398651,429.460671195178,623.56277056277,28910.142782744,5977.91779773943,372270.076848678,117237.577303647,99,40.1461346599007,703.501280562195,285.2813852814,1.62906072604112,1.74346794218449,0.609632204726212,0.639822664813455,65.7635472516262,1.38538265691147,23.0106604268232,38.23001023335,12.0396294485776,2.10636804705165,65.7635472516262,1.38538265691147
2021-02-19,84181,1366,NA,83413.8571428571,1363.14285714286,NA,274,2,NA,NA,19997.153615357,224484.101667305,414.574268654134,607.71428571429,28602.1047403135,5644.97118879281,372949.192652401,117514.344980415,99,40.3465798465814,679.11580372334,276.767676767675,1.6226939570687,1.73659832746399,0.608506344036991,0.637479402398343,66.0918973310875,1.35711073280494,23.0532348358848,38.2997515468226,12.0680519078971,2.05313114102386,66.0918973310875,1.35711073280494
2021-02-20,84531,1366,NA,83679.4285714286,1364.57142857143,NA,265.57142857142,1.42857142857156,NA,NA,19802.4251656799,224883.944646199,399.842978894303,593.14285714287,28270.5067404964,5318.65372847534,373604.177070167,117782.598948669,99,40.5462208517102,654.984417765343,268.253968253965,1.6159752043629,1.73397812922058,0.607424421582906,0.6352340934353,66.418930077462,1.32820060003933,23.0942964256431,38.3670147048121,12.0956000579882,1.99949946169959,66.418930077462,1.32820060003933
2021-02-21,84732,1367,NA,83926.4285714286,1365.42857142857,NA,247,0.857142857142662,NA,NA,19595.7790299288,225254.012796163,370.068149963132,575.85714285713,27927.193079785,4991.43439225604,374210.387218979,118032.093898164,99,40.7449463661836,606.210148812446,249.494949494954,1.61332200349337,1.72878449701017,0.606870431754319,0.633518523741958,66.7444631548527,1.24746744952371,23.1323003105642,38.4292690240119,12.1212217640171,1.86880216370925,66.7444631548527,1.24746744952371
2021-02-22,85090,1368,NA,84190.8571428571,1366,NA,264.42857142858,0.571428571428669,NA,NA,19425.6179821911,225648.280319853,394.267523690913,563.85714285713,27660.2934058456,4694.10538792702,374856.238460791,118299.193465263,99,40.9426434927795,645.851241811528,267.099567099576,1.60770948407568,1.72420321868097,0.606253235371827,0.632112849463515,67.0683116258584,1.34957399281502,23.1727893329239,38.4955942570059,12.1486513637045,2.01200229441629,67.0683116258584,1.34957399281502
2021-02-23,85228,1379,NA,84456.4285714286,1368.14285714286,NA,265.57142857142,2.14285714285711,NA,NA,19291.6976580624,226042.359995725,394.079675871239,525.85714285713,27537.4633070024,4434.359356181,375501.781988321,118567.447433517,99,41.1391977838264,645.54352753039,268.253968253965,1.6180128596236,1.71993922653918,0.610062644906947,0.635413547924806,67.3902880132809,1.36727997945475,23.2132590643857,38.5618878895011,12.1761995137957,2.02865966082788,67.3902880132809,1.36727997945475
2021-02-24,85506,1402,NA,84731.4285714286,1373.42857142857,NA,275,5.28571428571422,NA,NA,19175.8402936194,226448.502631282,406.142635557044,516.714285714319,27504.2250935498,4190.13713395878,376167.085899411,118845.225211295,99,41.3344932167434,665.30391108949,277.777777777781,1.63965101864197,1.72039855124333,0.619125312690995,0.64444530510896,67.7102022600562,1.42565091190267,23.2549675928954,38.6302108005031,12.2047257047185,2.10527161868157,67.7102022600562,1.42565091190267
2021-02-25,85801,1406,NA,85009.8571428571,1379.14285714286,NA,278.42857142858,5.71428571428578,NA,NA,19082.2692347731,226857.788715293,409.286084010848,497.142857142841,27585.1691428886,3968.52097234262,376837.539106259,119126.466192536,99,41.528412212029,670.453206847946,281.24098124099,1.63867553991212,1.71122274256503,0.61977153526985,0.644564729818411,68.0278617587226,1.45214601733349,23.2969989356038,38.6990625147632,12.2336075468528,2.13438408822707,68.0278617587226,1.45214601733349
2021-02-26,86098,1418,NA,85283.7142857143,1386.57142857143,NA,273.857142857145,7.42857142857156,NA,NA,19005.5501100651,227258.498162013,400.709446720604,470,27723.3238408922,3767.71577753742,377493.942888511,119403.089569159,99,41.7208355986806,656.403782252688,276.623376623378,1.64696044042835,1.71327603584711,0.623959064883507,0.648409438529517,68.3430712947733,1.43530708843728,23.338149506658,38.7664714333772,12.2620151873718,2.09990458572088,68.3430712947733,1.43530708843728
2021-02-27,86517,1418,NA,85567.4285714286,1394,NA,283.714285714275,7.42857142857133,NA,NA,18954.7926556738,227671.740707622,413.242545608664,456.571428571449,27936.2581436524,3590.29586411752,378170.877191271,119689.669655739,99,41.9116426154516,676.93430276023,286.580086580085,1.63898424587075,1.7165373722448,0.622826528928335,0.646717642877028,68.6556330487171,1.4929710361096,23.3805871553705,38.8359887191631,12.2914453251239,2.17432562180778,68.6556330487171,1.4929710361096
2021-02-28,86799,1422,NA,85862.7142857143,1401.85714285714,NA,295.285714285725,7.85714285714289,NA,NA,18925.9580006455,228099.906052594,428.165344971698,449.142857142841,28180.6375450342,3431.5642623859,378872.256592653,119987.938054008,99,42.1007109282061,701.379401381826,298.268398268396,1.63826772197836,1.7208936090364,0.623411041507455,0.646886394675601,68.9653466245059,1.55802273174294,23.4245572903284,38.9080163769305,12.3220757857148,2.25887643694975,68.9653466245059,1.55802273174294
2021-03-01,87080,1422,NA,86147,1409.57142857143,NA,284.28571428571,7.71428571428578,NA,NA,18939.2056003934,228510.296509484,410.390456890716,389.42857142858,28455.7569724671,3321.57869240033,379544.518877229,120275.095341165,99,42.2879166075995,672.26228457567,287.157287157286,1.63298116674322,1.72161395856052,0.622291433568281,0.645135164293594,69.2720090129739,1.5022674409796,23.4667020458226,38.9770538731386,12.3515651986688,2.16839991337146,69.2720090129739,1.5022674409796
2021-03-02,87193,1426,NA,86427.7142857143,1416.28571428571,NA,280.71428571429,6.71428571428555,NA,NA,18965.1018154103,228913.764153073,403.467643588403,370.85714285713,28562.6569902588,3227.55704737871,380205.440873043,120558.645124715,99,42.4731341205652,660.921995813726,283.549783549795,1.63545238723292,1.7216558042932,0.622942008435302,0.645168493132414,69.5754145778915,1.48235578707029,23.5081358679385,39.0449267864742,12.3806841416108,2.13033034278916,69.5754145778915,1.48235578707029
2021-03-03,87425,1440,NA,86701.8571428571,1421.71428571429,NA,274.142857142855,5.42857142857156,NA,NA,18556.4244118342,229306.095407505,392.331254432502,795.580086580099,27849.8822090311,3106.90404040238,380848.120304269,120835.557101627,99,42.6562363478389,642.679431226454,276.911976911972,1.64712610809265,1.71970471951118,0.62798156213028,0.649642453514015,69.8753550846726,1.44567622104081,23.5484260465067,39.1109262926406,12.4091214197307,2.06870101859252,69.8753550846726,1.44567622104081
2021-03-04,87643,1444,NA,86965,1427.14285714286,NA,263.142857142855,5.42857142857133,NA,NA,18065.9082390207,229681.094386207,374.99897870174,860.086580086587,26999.2538176353,2943.34507806148,381462.407663789,121101.357967428,99,42.8370945722333,614.287359519978,265.800865800877,1.6475930764579,1.7193870789524,0.628697805476286,0.649881254563409,70.1716196811665,1.41823211147157,23.586936299371,39.1740100952376,12.4364176502138,2.02085795398487,70.1716196811665,1.41823211147157
2021-03-05,87874,1453,NA,87218.7142857143,1432.14285714286,NA,253.71428571429,5,NA,NA,17302.8579922086,230041.156693507,360.062307300454,1118.11255411259,25686.7400213577,2643.51150061136,382052.227200845,121357.635023705,99,43.0155784565492,589.819537055795,256.27705627706,1.65350388055625,1.72051905614298,0.631626105904122,0.6524370633148,70.4639948614747,1.40454666966907,23.6239126414108,39.2345811922442,12.4627358398652,1.99304846751492,70.4639948614747,1.40454666966907
2021-03-06,88139,1464,NA,87450.4285714286,1438.71428571429,NA,231.714285714275,6.57142857142867,NA,NA,16505.6748851319,230368.657569115,327.500875607278,1118.11255411254,24319.3157821834,2319.88427236758,382588.707723575,121591.68985776,99,43.1915560578044,536.480522730388,234.054834054827,1.66101271854684,1.72571853532402,0.635503117241882,0.655980918363837,70.7522644892586,1.33933107028332,23.6575451104287,39.2896746771882,12.4867719342428,1.89275595832059,70.7522644892586,1.33933107028332
2021-03-07,88354,1473,NA,87672.5714285714,1446,NA,222.14285714287,7.28571428571422,NA,NA,15628.4879017065,230681.375347594,312.71777847936,1182.61904761905,22817.4994670138,2018.0855425355,383100.971994486,121880.082320194,99,43.3648938169719,512.264270911051,288.392462434291,1.66715711795731,1.73005826683098,0.638543097716694,0.658647630343943,71.0362097809304,1.34602862609514,23.6896594398226,39.3422812914101,12.5163881926415,1.89460764649528,71.0362097809304,1.34602862609514
2021-03-08,88563,1475,NA,87884.4285714286,1453.57142857143,NA,211.85714285713,7.57142857142867,NA,NA,14756.8693969801,230978.445154556,297.069806961925,1161.11688311689,21326.2516109544,1966.13749058731,383587.603259306,122177.152127156,99,43.5354565505774,486.631264819764,297.069806961925,1.66548106997279,1.7334964324899,0.638587725799706,0.658277819891042,71.3156092918885,1.35576424113399,23.7201668119335,39.3922555423394,12.5468955647524,1.90082245211635,71.3156092918885,1.35576424113399
2021-03-09,88679,1482,NA,88096.7142857143,1461.57142857143,NA,212.285714285725,8,NA,NA,14034.7965183562,231274.974007534,296.52885297779,1010.6017316017,20089.0993009447,1968.30199275193,384073.348385194,122473.680980134,99,43.7031074471025,485.745125887624,296.52885297779,1.67119611181903,1.73622483526144,0.640795661683535,0.660180382037204,71.5902389106254,1.43875778722367,23.7506186311605,39.4421387918627,12.5773473839794,2.00942926985904,71.5902389106254,1.43875778722367
2021-03-10,88891,1492,NA,88306.1428571429,1469,NA,209.428571428565,7.42857142857133,NA,NA,13501.7259196342,231566.414231323,291.440223788813,817.082251082262,19172.5673306207,1953.87197832184,384550.757806811,122765.121203922,99,43.867708081464,477.409421617514,291.440223788813,1.67846013657176,1.73782399356449,0.644307597434908,0.663453321377523,71.8598718824465,1.49242940725087,23.7805478772395,39.4911660121766,12.6072766300585,2.07655467899115,71.8598718824465,1.49242940725087
2021-03-11,89680,1494,NA,88597.1428571429,1476.14285714286,NA,291,7.14285714285711,NA,NA,13080.9710503949,231969.884470308,403.470238985814,817.082251082233,18439.8379003099,2365.84889029879,385211.684054156,123168.591442908,99,44.0291184030053,660.926247344818,403.470238985814,1.66592328278323,1.74213149358313,0.644049120174144,0.663251225340858,72.124278789799,2.15560859122992,23.8219819658879,39.5590393621202,12.6487107187068,2.9882863967716,72.124278789799,2.15560859122992
2021-03-12,89911,1496,NA,88888.1428571429,1482.28571428571,NA,291,6.14285714285711,NA,NA,12724.2792725226,232371.911307155,402.026836846257,752.575757575745,17815.205565517,2365.84889029879,385870.245858557,123545.674149675,99,44.1871967149055,658.561804401223,377.082706766916,1.66386760240682,1.74202105333848,0.64379553948005,0.662978684295506,72.3832275185415,2.22495332713652,23.8632678253822,39.6266698972808,12.6874349585398,3.07337150504679,72.3832275185415,2.22495332713652
2021-03-13,90156,1504,NA,89176.2857142857,1488,NA,288.142857142855,5.71428571428578,NA,NA,12126.1570602435,232768.602947689,396.691640534846,989.099567099591,16780.9032209127,2351.41887586875,386520.068056078,123942.36579021,99,44.3417996865049,649.822197520291,396.691640534846,1.66821953059142,1.7459051016098,0.646135252329541,0.665362014459788,72.6364832781344,2.26487394837467,23.9040057906936,39.6934029247413,12.7281729238512,3.11759614858093,72.6364832781344,2.26487394837467
2021-03-14,90381,1507,NA,89465.8571428571,1492.85714285714,NA,289.571428571435,4.85714285714289,NA,NA,11421.9950941272,233165.908514041,397.305566351191,1096.6103896104,15566.0277961182,2358.63388308381,387170.895927986,124339.671356561,99,44.4927823576663,650.827871908783,397.305566351191,1.66738584436994,1.74590922608606,0.646320900685725,0.665493470916783,72.883808608785,2.38838796573051,23.9448068026791,39.7602392292164,12.7689739358367,3.27643427655894,72.883808608785,2.38838796573051
2021-03-15,90614,1511,NA,89758.8571428571,1498,NA,293,5.14285714285711,NA,NA,10677.9214798556,233566.592475527,400.683961486036,1139.61471861473,14283.4264609407,2375.94990039979,387827.257962772,124740.355318047,99,44.6399981217119,656.362034785852,400.683961486036,1.66751274637473,1.74590039743127,0.646924709559362,0.666056038259419,73.1249633534949,2.56567719025895,23.9859547565454,39.827643860604,12.810121889703,3.50800327074256,73.1249633534949,2.56567719025895
2021-03-16,90751,1514,NA,90054.8571428571,1502.57142857143,NA,296,4.57142857142867,NA,NA,9872.7201036062,233970.08373997,403.491264443204,1204.12121212122,12896.5336703197,2391.1014155513,388488.218652005,125143.84658249,99,44.7832987380414,660.96068923251,403.491264443204,1.66830117574462,1.74518737783854,0.647091275858427,0.66620170961469,73.359704678731,2.77259347217748,24.0273910043881,39.8955207475327,12.8515581375457,3.77874350550721,73.359704678731,2.77259347217748
2021-03-17,91123,1516,NA,90373.7142857143,1506,NA,318.857142857145,3.42857142857133,NA,NA,9184.48069253971,234403.385454444,433.301714474626,1118.11255411254,11705.5650748132,2506.54153099144,389198.01196126,125577.148296965,99,44.9225343067338,709.793309255387,433.301714474626,1.66368534837527,1.74069835985991,0.646748338152577,0.665870957584877,73.5877870328201,3.23032824842433,24.0718886151516,39.9684124655728,12.8960557483091,4.38887874797903,73.5877870328201,3.23032824842433
2021-03-18,91425,1517,NA,90623,1509.28571428571,NA,249.28571428571,3.28571428571422,NA,NA,8443.83125858713,234741.129959886,337.74450544134,1075.10822510821,10431.1810407927,2225.14549761797,389751.272615884,125828.952048769,99,45.0575532892426,553.260654624144,251.803751803745,1.65928356576429,1.73882845918238,0.646243800674912,0.665059458485801,73.80896217985,2.71478911132304,24.1065730464348,40.0252291742028,12.9219145551457,3.6773391631786,73.80896217985,2.71478911132304
2021-03-19,91635,1522,NA,90869.2857142857,1513,NA,246.28571428571,3.71428571428578,NA,NA,7848.23911428972,235073.845174896,332.715215009957,924.593073593074,9403.54019054514,2209.99398246645,390296.2947693,126161.667263779,99,45.1882024872511,545.022153415426,332.715215009957,1.66093741474327,1.73748277446027,0.647456121231874,0.666053137757331,74.022979165032,2.91743181309811,24.1407409983215,40.0811998358226,12.9560825070324,3.94033472271957,74.022979165032,2.91743181309811
2021-03-20,91942,1526,NA,91124.4285714286,1516.14285714286,NA,255.142857142855,3.14285714285711,NA,NA,7328.73092980185,235417.566427637,343.721252741583,860.086580086587,8503.961342717,2254.72702719949,390859.345958102,126505.38851652,99,45.3143270482632,563.051188801939,343.721252741583,1.65974201126797,1.73883552251082,0.648209911926458,0.666626581256851,74.2295843238591,3.2517670464554,24.1760392074093,40.1390219763825,12.9913807161202,4.37959710116057,74.2295843238591,3.2517670464554
2021-03-21,92287,1529,NA,91396.7142857143,1519.28571428571,NA,272.285714285725,3.14285714285711,NA,NA,6960.34965898533,235783.401607037,365.835179399932,731.073593073612,7859.53048544395,2341.30711377965,391458.622060536,126871.22369592,99,45.4357704536955,599.276102433912,365.835179399932,1.6567880633242,1.73781608725847,0.648476521069227,0.666794311456387,74.4285212626007,3.71630620282346,24.2136083904352,40.2005642086312,13.028949899146,4.99179438983473,74.4285212626007,3.71630620282346
2021-03-22,92429,1531,NA,91656,1522.14285714286,NA,259.28571428571,2.85714285714289,NA,NA,6530.89160344499,236130.878616432,347.47700939473,774.077922077908,7112.33839017252,2275.65054812301,392027.82556966,127189.962404163,99,45.5523745250105,569.203509124171,318.738708242396,1.65640653907323,1.73675348532439,0.648369247160994,0.666576412869941,74.6195308683477,3.7262201926816,24.2492922942758,40.259018157342,13.061682543631,4.99223496546845,74.6195308683477,3.7262201926816
2021-03-23,92609,1535,NA,91921.4285714286,1525.14285714286,NA,265.428571428565,3,NA,NA,6194.66221647986,236485.718493536,354.839877104154,688.069264069287,6523.01329939155,2306.67507914754,392609.090222468,127544.802281267,99,45.6639794190086,581.264652808779,354.839877104154,1.65750628988543,1.73560194954464,0.649087822206886,0.667271901282056,74.8023513013019,4.06540309924717,24.2857323225685,40.3187107166078,13.0981225719237,5.43325320109399,74.8023513013019,4.06540309924717
2021-03-24,92819,1535,NA,92163.7142857143,1527.85714285714,NA,242.285714285725,2.71428571428578,NA,NA,5999.04391564912,236808.866426472,323.147932935448,516.051948051929,6173.95665553544,2268.40812388058,393138.440172019,127789.535326,99,45.7704236094633,529.349949550466,244.733044733046,1.65375623525356,1.7334632147598,0.648202080928677,0.666323282080798,74.9767179646913,3.9124160863296,24.318917769241,40.3730719324209,13.1232552575367,5.21655453748175,74.9767179646913,3.9124160863296
2021-03-25,93038,1536,NA,92394.1428571429,1530.57142857143,NA,230.428571428565,2.71428571428578,NA,NA,5808.43585318435,237115.522433271,306.656006799283,494.549783549766,5993.316047617,2208.52356399594,393799.71897802,128024.36505183,99,45.871543905086,661.278806000948,234.829725829666,1.65093832627529,1.73231707514253,0.647785511567368,0.665853494971379,75.1423635341993,3.84231588730793,24.3504095893123,40.4409814881244,13.1473709288729,5.11174799036459,75.1423635341993,3.84231588730793
2021-03-26,93325,1536,NA,92635.5714285714,1532.57142857143,NA,241.42857142858,2,NA,NA,5568.00603065887,237436.148887802,320.626454530808,559.056277056283,6107.7412852273,2264.07911955156,394864.810882297,128344.99150636,99,45.9671754216233,1065.09190427698,320.626454530808,1.6458612376105,1.73048725604533,0.646910761985877,0.664997116493796,75.2990179122564,4.15788392932324,24.383336094557,40.5503603421668,13.1802974341175,5.52001369447906,75.2990179122564,4.15788392932324
2021-03-27,93701,1544,NA,92886.8571428571,1535.14285714286,NA,251.28571428571,2.57142857142844,NA,NA,5425.45216148518,237769.214066247,333.065178445366,473.047619047604,6209.62090761628,2313.86266933507,395771.979881975,128674.917913287,99,46.0571515984204,907.168999678339,329.926406926359,1.64779458063414,1.7311233292469,0.649369181819229,0.667603577354506,75.4464082551735,4.51457337297919,24.4175399856893,40.6435214160695,13.2141789913456,5.98176755936368,75.4464082551735,4.51457337297919
2021-03-28,94062,1544,NA,93140.4285714286,1537.28571428571,NA,253.57142857142,2.14285714285711,NA,NA,5285.74348016887,238104.695861121,335.481794874155,473.047619047633,6229.414253856,2325.40668087905,396596.634034076,128959.604781974,99,46.1413041849583,824.654152100557,284.68686868684,1.64147051944462,1.72940535519424,0.648454241700704,0.666763358203416,75.5842589510875,4.67537495930656,24.4519920495234,40.7282086865068,13.2434147064354,6.18348083973002,75.5842589510875,4.67537495930656
2021-03-29,94402,1552,NA,93422.2857142857,1540.28571428571,NA,281.857142857145,3,NA,NA,5224.97414577354,238476.969816769,372.27395564795,430.043290043279,6530.7611984667,2468.26382373624,397630.72456843,129331.878737622,99,46.2194632296704,1034.09053435433,372.27395564795,1.64403296540328,1.71753536383331,0.650796595240396,0.669052365803395,75.7122916016432,5.33431448942657,24.4902224580873,40.8344038769589,13.2816451149993,7.04298188220169,75.7122916016432,5.33431448942657
2021-03-30,94573,1559,NA,93702.8571428571,1543.71428571429,NA,280.571428571435,3.42857142857156,NA,NA,5139.99958695041,238846.96928392,369.999467150919,451.54545454547,6512.13195395592,2497.52644999888,398381.754664579,129615.284221027,99,46.291457088314,751.03009614849,283.405483405513,1.64846203461876,1.71693595412606,0.652719188639484,0.67090725003302,75.8302250357046,5.37175643481018,24.5282192896759,40.9115303774404,13.3107492391408,7.08136455469757,75.8302250357046,5.37175643481018
2021-03-31,94802,1559,NA,93986.1428571429,1547.14285714286,NA,283.28571428571,3.42857142857133,NA,NA,5101.07968394549,239220.019077885,373.049793964805,408.541125541145,6537.11571805424,2551.2450647175,399103.423410362,129901.431407174,99,46.3571124162268,721.668745783332,286.147186147165,1.64448007426004,1.71607309235421,0.651701310788886,0.66976386860489,75.9377752966722,5.51341630192491,24.5665293724029,40.9856416349713,13.3401349204914,7.25777867593444,75.9377752966722,5.51341630192491
2021-04-01,95188,1559,NA,94293.2857142857,1550.42857142857,NA,307.142857142855,3.28571428571422,NA,NA,5093.20398280793,239623.970216574,403.951138689299,408.541125541145,6790.21381344268,2671.73568520816,400053.063630293,130244.636313379,99,46.416254149674,949.640219930618,343.204906204948,1.63781148884313,1.71543639861096,0.650602691621778,0.668622617232279,76.0346556119266,6.02335334710641,24.6080128467035,41.0831642605696,13.3753801037396,7.91893410253217,76.0346556119266,6.02335334710641
2021-04-02,95590,1565,NA,94616.8571428571,1554.57142857143,NA,323.571428571435,4.14285714285734,NA,NA,5213.1083035121,240049.047697452,425.077480877313,301.030303030304,6971.5716020689,2784.57551204797,400749.384788882,130571.476140219,99,46.4687055075064,696.321158589562,326.839826839801,1.63720054398996,1.71559740059089,0.651950097286978,0.670044454308671,76.120576395545,6.35534311194764,24.6516658756589,41.1546724656983,13.4089446868254,8.34597401384588,76.120576395545,6.35534311194764
2021-04-03,96077,1565,NA,94956.2857142857,1557.57142857143,NA,339.428571428565,3,NA,NA,5268.54145847925,240494.519813458,445.472116006044,387.038961038896,7138.61427782517,2914.71836919083,401576.196695408,130914.333283076,99,46.5142880082832,826.811906525458,342.857142857159,1.62890181833321,1.7163132401532,0.65074247896123,0.668888934424331,76.1952452763494,6.51339687458983,24.6974133171341,41.2395813251884,13.4441541567645,8.54523040900429,76.1952452763494,6.51339687458983
2021-04-04,96376,1566,NA,95286.8571428571,1560.71428571429,NA,330.571428571435,3.14285714285711,NA,NA,5376.35486620618,240928.00854586,433.4887324023,322.532467532496,7298.26339246164,3038.20033167278,402286.296359495,131248.243816987,99,46.5528214263391,710.099664087,333.91053391053,1.62488586370051,1.71275560035807,0.649986694968226,0.668079088091647,76.2583670259413,6.27666379496263,24.7419301335703,41.3125045041195,13.4784448610738,8.22786981593623,76.2583670259413,6.27666379496263
2021-04-05,96577,1566,NA,95597.5714285714,1562.71428571429,NA,310.71428571429,2,NA,NA,5329.98505958653,241335.184193786,407.175647925789,451.545454545441,7197.02871610317,3062.05314552558,402953.292452367,131562.096630839,99,46.5841238104187,666.996092872287,313.852813852805,1.62150408482351,1.70928551896558,0.64889005108453,0.66711785883778,76.3096435892257,5.7812789307923,24.783744746549,41.3810011925237,13.5106757521165,7.57345186578267,76.3096435892257,5.7812789307923
2021-04-06,96806,1567,NA,95916.5714285714,1563.85714285714,NA,319,1.14285714285711,NA,NA,5230.60966792479,241753.003607319,417.819413533056,516.051948051958,7284.20669579878,3103.90018737265,403917.305596898,131892.657958401,99,46.6080114662673,964.01314453088,330.561327561329,1.61870132016611,1.70661553211889,0.648182225915708,0.666599042030451,76.3487740558929,5.98709916101548,24.8266524134512,41.4799998353706,13.5446225120667,7.83903536055068,76.3487740558929,5.98709916101548
2021-04-07,97042,1567,NA,96236.5714285714,1565,NA,320,1.14285714285711,NA,NA,5132.39763853347,242171.986383122,418.982775803481,516.051948051929,7293.73523824639,3141.2753677478,404803.66930418,132215.890281633,99,46.624298961183,886.363707282755,323.232323232311,1.61476474103996,1.70216005742751,0.647060803110797,0.665625774566684,76.3754546678765,6.12001053845384,24.8696795510126,41.5710243245982,13.5778166251405,8.01020918025622,76.3754546678765,6.12001053845384
2021-04-08,97404,1568,NA,96553.1428571429,1566.28571428571,NA,316.57142857142,1.28571428571422,NA,NA,5050.98026215029,242586.404504575,414.418121452327,494.549783549795,7256.34834351117,3173.47305894546,405606.773251936,132535.659401402,99,46.6327991062191,803.10394775559,319.769119769102,1.60979015235514,1.69718997722942,0.646367632680104,0.665017125596173,76.3893787901976,6.17033562742367,24.9122379246485,41.6534985121586,13.6106550870028,8.07455210291817,76.3893787901976,6.17033562742367
2021-04-09,97784,1573,NA,96866.5714285714,1567.42857142857,NA,313.42857142858,1.14285714285711,NA,NA,4836.57388751596,242996.703757646,410.299253071338,623.562770562799,7222.61266787408,3181.57455728004,406632.30863857,132852.253917997,99,46.633322950746,1025.535386634,316.594516594516,1.60864763151436,1.69581903020542,0.647333883824548,0.666155993327396,76.390236902058,6.20758641894487,24.9543733140315,41.7588151378127,13.6431675352546,8.12316088712385,76.390236902058,6.20758641894487
2021-04-10,98203,1577,NA,97170.2857142857,1569.14285714286,NA,303.714285714275,1.71428571428578,NA,NA,4780.96191575675,243394.351526146,397.647768500552,451.54545454547,7118.99042498274,3193.64237834785,407296.631450624,133159.036024779,99,46.625679787867,664.322812053724,306.782106782106,1.60585725487001,1.69437404263393,0.647919719628577,0.666847879882905,76.3777166057105,6.28194823131849,24.9952094682229,41.8270372955484,13.6746723050738,8.22168290506117,76.3777166057105,6.28194823131849
2021-04-11,98570,1578,NA,97483.7142857143,1570.85714285714,NA,313.42857142858,1.71428571428578,NA,NA,4716.70741534382,243804.858930495,410.507404348929,473.047619047604,7224.31753516622,3242.70442741,408206.39079524,133525.52664527,99,46.609677126952,909.759344615741,366.490620490717,1.60089276656183,1.69238748839908,0.64723894631233,0.666360184824399,76.3515025814677,6.55831486054654,25.037366233553,41.9204643830784,13.7123087981554,8.58629312641058,76.3515025814677,6.55831486054654
2021-04-12,98925,1581,NA,97819.1428571429,1573,NA,335.428571428565,2.14285714285711,NA,NA,4853.08734130228,244244.412016627,439.553086131637,301.030303030304,7462.21678531263,3353.81553852107,408957.253415349,133886.066327809,99,46.5851207104256,750.86262010975,360.539682539646,1.59818043972707,1.69070702293686,0.647302424217744,0.666763602726568,76.311276615201,7.11430536522188,25.0825058244736,41.9975736847274,13.7493341639051,9.31906619227082,76.311276615201,7.11430536522188
2021-04-13,99135,1587,NA,98151.8571428571,1575.85714285714,NA,332.71428571429,2.85714285714289,NA,NA,5041.39550722504,244680.72018255,436.308165922761,245.14285714287,7882.1803962171,3441.89057459609,409671.971605008,134222.141363884,99,46.5518144813175,714.718189659005,336.075036075024,1.6008473293993,1.68856913244805,0.648600346940283,0.66839022087994,76.2567175451865,6.85835711950385,25.1273121806259,42.0709711598507,13.7838471502216,8.99032173209728,76.2567175451865,6.85835711950385
2021-04-14,99515,1591,NA,98505.1428571429,1579.28571428571,NA,353.28571428571,3.42857142857133,NA,NA,5247.6725415054,245144.425788259,463.705605708907,253.999999999971,8346.45243662898,3545.78667849215,410431.569652746,134583.466039209,99,46.5095605942937,759.598047737905,361.324675324606,1.59875395668995,1.68545235833739,0.649005171088088,0.669136248882379,76.1875012801737,7.01029129152776,25.1749320973315,42.1489775400144,13.820953130246,9.19796125982083,76.1875012801737,7.01029129152776
2021-04-15,99915,1595,NA,98863.8571428571,1583.14285714286,NA,358.71428571429,3.85714285714289,NA,NA,5444.16720873484,245615.777598345,471.351810086635,271.000000000029,8786.33400476398,3633.2671979726,411203.692979123,134945.803701546,99,46.4581593976152,772.123326376721,362.337662337639,1.59635690336786,1.68308440937133,0.649388250053015,0.669873390876051,76.1033007698333,6.8381194116267,25.2233372355463,42.2282701947415,13.8581631382498,8.98211171445196,76.1033007698333,6.8381194116267
2021-04-16,100322,1596,NA,99226.4285714286,1586.42857142857,NA,362.57142857142,3.28571428571422,NA,NA,5659.7825421922,246092.821503231,477.043904885912,258.142857142841,9272.5984247101,3738.07239277783,411985.140549252,135312.03746778,99,46.3974094271521,781.447570129298,366.233766233781,1.59087737485297,1.68050313704007,0.648535780219434,0.669247014177623,76.0037859949508,6.66210726224142,25.27232691938,42.3085203960356,13.8957732538665,8.76247709880261,76.0037859949508,6.66210726224142
2021-04-17,100777,1602,NA,99594.1428571429,1590,NA,367.71428571429,3.57142857142867,NA,NA,5877.04150201031,246577.366177335,484.544674103789,263.714285714261,9624.91545313108,3842.21524992073,412778.875160091,135683.466039209,99,46.327107410097,793.734610838583,371.42857142858,1.5896484316858,1.68124094614742,0.64969466777736,0.670722347787333,75.8886239735095,6.49912600187094,25.3220868893628,42.3900324062186,13.9339168463004,8.56118888829446,75.8886239735095,6.49912600187094
2021-04-18,101158,1602,NA,99963.8571428571,1593.42857142857,NA,369.71428571429,3.42857142857133,NA,NA,6103.61043888377,247065.389659663,488.023482328048,258.025974026008,9983.07398866391,3971.66402336943,413578.308420898,136056.914812658,99,46.2470482327463,799.433260807535,373.448773448763,1.58366120326618,1.68079636656249,0.648411338474719,0.669676395050543,75.7574787079134,6.29284142466787,25.372204113077,42.4721296351989,13.9722679019411,8.30389715915931,75.7574787079134,6.29284142466787
2021-04-19,101547,1602,NA,100338.428571429,1596.42857142857,NA,374.57142857142,3,NA,NA,6273.47722155132,247560.788909863,495.399250199989,322.532467532437,10244.2818326574,4118.73328743875,414389.8239572,136435.269791013,99,46.1570249509575,811.515536301187,378.354978354997,1.57759461136223,1.67713217152222,0.647113788518136,0.668547474007754,75.6100112021169,6.13878564856061,25.4230787860162,42.5554676448502,14.0111227967981,8.11649523115024,75.6100112021169,6.13878564856061
2021-04-20,101707,1603,NA,100705.857142857,1598.71428571429,NA,367.42857142858,2.28571428571445,NA,NA,6328.15767910765,248047.798371748,487.009461885347,430.043290043308,10310.0247184045,4249.01611572155,415187.596146976,136806.409762153,99,46.0568287710779,797.772189776355,371.139971139957,1.57609604058718,1.67247022252776,0.646246413200407,0.667780195495863,75.4458794303843,5.85863064092078,25.4730918756237,42.6373942913248,14.049236751631,7.76299083723968,75.4458794303843,5.85863064092078
2021-04-21,101993,1603,NA,101059.857142857,1600.42857142857,NA,354,1.71428571428555,NA,NA,6280.73121905842,248518.138145465,470.339773716987,516.051948051929,10203.0836304617,4350.51883355508,415958.06165244,137163.985519728,99,45.9462490519833,770.46550546377,357.575757575745,1.57167648760209,1.66577700326672,0.645023341942838,0.666543254808212,75.2647383406293,5.59573231621992,25.5213930834848,42.7165166973147,14.085957739219,7.43249137533044,75.2647383406293,5.59573231621992
2021-04-22,102267,1604,NA,101395.857142857,1601.71428571429,NA,336,1.28571428571445,NA,NA,6146.49173985331,248965.742822104,447.60467663905,580.558441558445,10016.871353287,4402.47346038191,416758.288935705,137503.379459122,99,45.8250732825149,800.227283264918,339.393939393951,1.56844338838531,1.66194310379585,0.644265344226944,0.665759041333994,75.066239817454,5.35132878022211,25.5673595267544,42.7986954678654,14.1208115579465,7.12663320603223,75.066239817454,5.35132878022211
2021-04-23,102593,1609,NA,101720.285714286,1603.57142857143,NA,324.428571428565,1.85714285714289,NA,NA,6083.52292934217,249399.180938,433.438115895755,494.549783549766,9900.8398480466,4449.750516659,417483.319701526,137831.085086828,99,45.6930870848177,725.030765821866,327.70562770564,1.56833312214284,1.66040716585877,0.645150474812502,0.666707593994258,74.8500326876181,5.27992682807666,25.6118711451645,42.8731519856481,14.1544650538352,7.05179693133532,74.8500326876181,5.27992682807666
2021-04-24,102927,1615,NA,102027.428571429,1605.42857142857,NA,307.142857142855,1.85714285714266,NA,NA,5955.74434507193,249810.813609141,411.632671141066,537.554112554149,9722.24190722156,4481.13868404712,418218.758390738,138141.330397073,99,45.5500742093123,735.438689211616,310.245310245315,1.56907322665579,1.65839779706689,0.646489227854988,0.668037201565966,74.6157627118018,5.05037329944098,25.6541434689659,42.9486773377059,14.1863254748659,6.76635357377664,74.6157627118018,5.05037329944098
2021-04-25,103222,1616,NA,102322.285714286,1607.42857142857,NA,294.857142857145,2,NA,NA,5834.20256370923,250207.32377583,396.51016668923,516.051948051929,9598.38072550314,4497.11703902547,418972.589516712,138439.165894909,99,45.3958165033938,753.83112597384,297.835497835476,1.56555772994129,1.65642564191646,0.645864387825766,0.667294357260401,74.3630725333316,4.95242035353198,25.6948627979501,43.026091487949,14.2169114790554,6.65760891864543,74.3630725333316,4.95242035353198
2021-04-26,103459,1617,NA,102595.428571429,1609.57142857143,NA,273.142857142855,2.14285714285734,NA,NA,5749.16987683557,250575.979400645,368.655624814623,451.545454545441,9433.90338472358,4466.73320064167,419576.485802306,138715.067770811,99,45.2300939182218,603.896285594092,275.90187590188,1.56293797542988,1.65246953777199,0.645313251440827,0.666566621201357,74.0916016893028,4.68332127411146,25.7327216246077,43.0881081866146,14.245245025572,6.31886913059531,74.0916016893028,4.68332127411146
2021-04-27,103603,1617,NA,102866.285714286,1611.57142857143,NA,270.857142857145,2,NA,NA,5770.14543702576,250942.98959287,367.010192224843,344.034632034658,9449.30940867303,4455.18918909767,420177.68669805,139026.809473552,99,45.0526845143474,601.200895744376,311.74170274174,1.56076561489532,1.64809317329157,0.644369465201408,0.66544112533013,73.800986619797,4.71285061715621,25.7704114747382,43.1498480841405,14.2772591175636,6.38370756278385,73.800986619797,4.71285061715621
2021-04-28,103844,1622,NA,103130.714285714,1614.28571428571,NA,264.42857142858,2.71428571428555,NA,NA,5789.52837038686,251302.80109766,359.811504789686,337.71428571429,9598.15766555065,4422.72165663016,420767.095394488,139334.770512513,99,44.8633644238044,589.408696438011,307.961038961046,1.56195832209853,1.64382525410193,0.645436498485216,0.666408234139221,73.4908606057838,4.58427228220167,25.8073620607929,43.2103769901627,14.3088849569827,6.23574411973838,73.4908606057838,4.58427228220167
2021-04-29,104038,1624,NA,103383.714285714,1617.14285714286,NA,253,2.85714285714289,NA,NA,5803.1988641436,251648.614448559,345.813350899611,329.28571428571,9832.49307175213,4365.00159891005,421333.573657833,139609.193311936,99,44.6619078561563,566.478263344325,274.422799422784,1.56096810780676,1.64060348700706,0.64534430422305,0.666106494810661,73.1608537790267,4.37145944321429,25.8428751164101,43.2685510717004,14.3370666107944,5.97308327684217,73.1608537790267,4.37145944321429
2021-04-30,104405,1625,NA,103642.571428571,1619.42857142857,NA,258.857142857145,2.28571428571422,NA,NA,5847.57727355821,252004.135715117,355.52126655748,308.857142857159,9938.25486379,4394.58312849159,421915.95449749,139949.917698661,99,44.4480870987543,582.380839656922,340.724386724411,1.55643886787031,1.63702660745875,0.644830687158648,0.665317165941704,72.8105931225052,4.46213093547843,25.8793851195071,43.3283582569791,14.3720570588624,6.12629818278587,72.8105931225052,4.46213093547843
2021-05-01,104621,1626,NA,103884.571428571,1621,NA,242,1.57142857142867,NA,NA,5862.93393501564,252338.206662288,334.070947171684,317.142857142841,10009.5930856952,4320.31328722177,422463.1974813,140194.362143105,99,44.2216724854412,547.242983809963,244.444444444438,1.55418128291643,1.63514399556161,0.64437328833684,0.664539485901008,72.4397024191481,4.13988975998152,25.9136922973419,43.3845569851935,14.3971601068745,5.71298046256349,72.4397024191481,4.13988975998152
2021-05-02,104909,1626,NA,104125.571428571,1622.42857142857,NA,241,1.42857142857133,NA,NA,5878.0055044223,252672.706803124,334.50014083524,318,10045.2900491503,4315.26278217125,423011.143529004,140508.740209483,99,43.9824323963565,547.946047704143,314.378066378064,1.54991468796767,1.63033569957149,0.643520236345487,0.663282469006431,72.0478022515158,4.11198880590884,25.9480435509141,43.4408279140535,14.4294449383509,5.70533702993786,72.0478022515158,4.11198880590884
2021-05-03,105067,1626,NA,104355.285714286,1623.71428571429,NA,229.714285714275,1.28571428571445,NA,NA,5874.86277038525,252993.382250905,320.675447781192,322.532467532525,10021.9964040719,4258.26422517266,423536.443290519,140767.455938199,99,43.7301332579628,525.299761515053,258.715728715702,1.54758392263984,1.62509561698873,0.642704558330077,0.662009589082259,71.6345100018421,3.90938505923406,25.9809750874858,43.4947731986928,14.4560135657304,5.45551458806789,71.6345100018421,3.90938505923406
2021-05-04,105204,1626,NA,104584,1625,NA,228.71428571429,1.28571428571422,NA,NA,5883.37894136063,253314.612707594,321.230456689664,311.42857142858,10036.0991008418,4253.21372012224,424062.652214395,141075.119718863,99,43.4645395272951,526.208923876111,307.663780663861,1.54556860955857,1.61978429457148,0.641889539107213,0.66072630240401,71.1994398262332,3.89445794793396,26.0139636203017,43.5488118491128,14.4876088784205,5.46788017430743,71.1994398262332,3.89445794793396
2021-05-05,105401,1628,NA,104806.428571429,1625.85714285714,NA,222.428571428565,0.85714285714289,NA,NA,5788.40199869045,253629.034033323,314.421325728035,408.541125541087,9942.99965619709,4221.46768837614,424663.666322864,141345.230829974,99,43.1854136905155,601.014108468837,270.111111111008,1.54457737592622,1.61332163376281,0.641882348448368,0.660239025681362,70.7422026523006,3.78195161029177,26.0462528942662,43.6105325646526,14.5153477464738,5.34423039654352,70.7422026523006,3.78195161029177
2021-05-06,105572,1629,NA,105025.571428571,1626.57142857143,NA,219.14285714287,0.714285714285779,NA,NA,5669.53647048588,253940.926080876,311.892047553003,430.043290043279,9922.28355162259,4204.87317178174,425373.408093747,141639.922027665,99,42.8925162336872,709.741770883382,294.691197691311,1.54302277118933,1.60795135191624,0.641487776366222,0.659339619460248,70.2624061312859,3.78725345362797,26.0782824258111,43.6834189899963,14.5456108490009,5.38822368632249,70.2624061312859,3.78725345362797
2021-05-07,105775,1629,NA,105221.285714286,1627.14285714286,NA,195.714285714275,0.571428571428442,NA,NA,5605.48553402277,254221.481205018,280.555124142964,344.034632034629,9797.49574665981,4086.54705345546,425832.986589151,141855.310195053,99,42.5856056520787,459.578495403461,215.388167388039,1.54006145119357,1.60235443404813,0.640779839798936,0.658020200684172,69.7596546533013,3.45330591156607,26.1070938343396,43.7306150760503,14.5677299833484,4.94846669747095,69.7596546533013,3.45330591156607
2021-05-08,105948,1636,NA,105410.857142857,1628.57142857143,NA,189.571428571435,1.42857142857156,NA,NA,5546.72850673544,254495.295606303,273.814401284093,331.14285714287,9843.24469061324,4055.52252243107,426281.523078892,142129.124596337,99,42.2644384364127,448.536489741004,273.814401284093,1.54415373579492,1.601238290945,0.642840959437949,0.659550300683634,69.2335493248044,3.38316028650831,26.135213009138,43.7766772112023,14.5958491581468,4.88475796828238,69.2335493248044,3.38316028650831
2021-05-09,106148,1636,NA,105587.857142857,1630,NA,177,1.42857142857133,NA,NA,5451.14590257467,254752.998716428,257.703110124945,351.85714285713,9899.08884216403,3992.03045893897,426703.667596743,142386.827706462,99,41.9287690625442,422.14451785112,257.703110124945,1.54124430041075,1.59814889257106,0.642190674199316,0.658302050791318,68.6836879516901,3.19228793132332,26.161677646373,43.8200290416099,14.6223137953818,4.64603792689716,68.6836879516901,3.19228793132332
2021-05-10,106252,1641,NA,105757.142857143,1632.14285714286,NA,169.28571428571,2.14285714285711,NA,NA,5340.12321408757,255001.547456512,248.548740084341,357.42857142858,9946.6661204691,3953.06941997787,427110.816303619,142635.376446546,99,41.5783499803801,407.148706876556,248.548740084341,1.54444151639499,1.59596238976684,0.643525506557899,0.659126826606244,68.1096650211392,3.10672024659477,26.1872021821008,43.8618408878968,14.6478383311096,4.55956865815951,68.1096650211392,3.10672024659477
2021-05-11,106341,1644,NA,105919.571428571,1634.71428571429,NA,162.42857142858,2.57142857142867,NA,NA,5216.86152814043,255242.142913422,240.595456909999,361.28571428571,9976.92937881796,3918.43738534593,427504.936704825,142875.971903456,99,41.2129316147002,394.120401205961,240.595456909999,1.5459700397777,1.59339748882895,0.644094263288506,0.659184201735086,67.5110717029634,3.04288387357565,26.2119099610811,43.9023148016178,14.67254611009,4.5054289435737,67.5110717029634,3.04288387357565
2021-05-12,106455,1644,NA,106070.142857143,1637,NA,150.57142857142,2.28571428571422,NA,NA,5072.83014618867,255467.254388613,225.111475191108,366.857142857159,9976.54254914896,3858.55282546129,427873.692732299,143101.083378647,99,40.8322623505074,368.756027473835,225.111475191108,1.54431449908412,1.5904475987836,0.643526703230298,0.658098012751455,66.8874958256078,2.88743820570989,26.2350276235939,43.9401839390549,14.6956637726027,4.3150747624185,66.8874958256078,2.88743820570989
2021-05-13,106580,1648,NA,106214.142857143,1639.71428571429,NA,144,2.71428571428578,NA,NA,4918.51201601452,255684.650544153,217.396155540133,369,9960.94579425798,3825.36379227228,428229.810263122,143318.479534188,99,40.4360885202913,356.117530823336,217.396155540133,1.54625633327078,1.58853179139552,0.644543971056805,0.658653781644098,66.2385218552869,2.83986559878715,26.2573529668537,43.9767551750858,14.7179891158625,4.2855003868692,66.2385218552869,2.83986559878715
2021-05-14,106715,1651,NA,106348.428571429,1642.85714285714,NA,134.28571428571,3.14285714285711,NA,NA,4746.18623143615,255889.467616718,204.817072564445,373.999999999971,9919.31462070899,3776.30174321024,428565.321946716,143523.296606752,99,40.0241544041887,335.511683593912,204.817072564445,1.54711146511737,1.58793062262069,0.645200451342116,0.65888199018479,65.5637308962477,2.7314209262394,26.2783865101521,44.0112103083207,14.7390226591609,4.16420803481962,65.5637308962477,2.7314209262394
2021-05-15,106873,1651,NA,106480.571428571,1645,NA,132.14285714287,2.14285714285711,NA,NA,4581.7704096963,256093.194652121,203.727035403048,366.000000000029,9884.89785283135,3765.47923238779,428899.048035981,143727.023642155,99,39.5962022129634,333.726089265198,203.727035403048,1.54482423062888,1.58779185930909,0.644687182040403,0.65791835933675,64.8627006628889,2.78547708301871,26.2993081128611,44.0454820712186,14.7599442618699,4.29243661054999,64.8627006628889,2.78547708301871
2021-05-16,107007,1651,NA,106603.285714286,1647.14285714286,NA,122.714285714275,2.14285714285711,NA,NA,4418.39357659311,256284.532104732,191.3374526111,352.57142857142,9831.31386387791,3717.86018476862,429212.478699043,143918.361094766,99,39.1519720871518,313.430663061154,191.3374526111,1.54288971749512,1.58617046448794,0.644205870108974,0.65697636189833,64.1350054783613,2.67960555854158,26.318957376195,44.0776696097866,14.7795935252039,4.17605937229367,64.1350054783613,2.67960555854158
2021-05-17,107089,1651,NA,106722.857142857,1648.57142857143,NA,119.571428571435,1.42857142857156,NA,NA,4271.76519989694,256473.189442321,188.65733758951,333.85714285713,9591.61795583309,3701.98716889572,429521.519054734,144107.018432356,99,38.6912020936255,309.040355691453,188.65733758951,1.54170829870482,1.5845858518728,0.643732003173492,0.656073550660256,63.3802162689367,2.70757827026313,26.3383314070269,44.1094062888682,14.7989675560357,4.26981739673308,63.3802162689367,2.70757827026313
2021-05-18,107175,1651,NA,106842,1649.57142857143,NA,119.142857142855,1,NA,NA,4074.05667506342,256663.519878527,190.330436205462,387.038961038983,9245.62979043549,3699.82266673117,429833.300120106,144297.348868561,99,38.2136282076051,311.781065371702,190.330436205462,1.54047119197574,1.57997359185042,0.643254639685992,0.655147978153187,62.5979005345452,2.79053441029723,26.3578772555287,44.141424423177,14.8185134045376,4.4555453612023,62.5979005345452,2.79053441029723
2021-05-19,107928,1652,NA,107052.428571429,1650.71428571429,NA,210.428571428565,1.14285714285711,NA,NA,4069.44670329438,257004.087395935,340.567517408461,344.034632034629,10441.9399564393,4069.44670329438,431614.548015047,144637.91638597,99,37.718984300047,1781.24789494148,340.567517408461,1.53065006300497,1.57780396451409,0.642791333296954,0.654676920253666,61.7876223281125,5.16793167408367,26.3928515940141,44.3243484062922,14.8534877430229,8.35942021850149,61.7876223281125,5.16793167408367
2021-05-20,108031,1652,NA,107259.714285714,1651.28571428571,NA,207.285714285725,0.571428571428442,NA,NA,4000.43146128327,257344.184708037,340.097312101425,408.541125541116,10438.088730264,4000.43146128327,432304.5246277,144914.757655811,99,37.2070021233406,689.976612652652,276.84126984133,1.5291906952634,1.5740172094727,0.641941842157512,0.653810227824566,60.9489422321317,5.09654574376477,26.4277776451005,44.3952050627976,14.8819177599306,8.35733545364048,60.9489422321317,5.09654574376477
2021-05-21,108166,1654,NA,107467,1651.71428571429,NA,207.28571428571,0.428571428571558,NA,NA,3871.96330081212,257689.192738042,345.008030005061,473.047619047633,10478.3100655971,3871.96330081212,433147.892483179,145185.186227239,99,36.6774112860886,843.367855479417,270.428571428522,1.52913115026903,1.57205810170109,0.641858504978671,0.653772041499352,60.0814173173499,5.18455240621493,26.4632079988623,44.4818141236664,14.909689229345,8.62427049042327,60.0814173173499,5.18455240621493
2021-05-22,108280,1659,NA,107668,1652.85714285714,NA,201,1.14285714285711,NA,NA,3887.90334218106,258028.808104086,339.615366044221,322.532467532437,10486.1848351699,3887.90334218106,433704.217802203,145423.297338351,99,36.1299392867542,556.325319023454,238.111111111124,1.53213889915035,1.57109724236449,0.642951464291839,0.654916817576179,59.1846011978859,5.19427153029857,26.4980845568419,44.5389455558228,14.9341418802041,8.77114114105858,59.1846011978859,5.19427153029857
2021-05-23,108365,1659,NA,107862,1654,NA,194,1.14285714285711,NA,NA,3897.22924264718,258361.809329227,333.001225141459,322.532467532466,10483.2249534999,3897.22924264718,434249.708469983,145651.372374426,99,35.5643114463003,545.49066778057,228.075036075024,1.53093711069072,1.56924507357615,0.642122767411788,0.65410492387951,58.2580439208866,4.99284270247306,26.5322818803352,44.5949643311915,14.9575638834898,8.56505925773993,58.2580439208866,4.99284270247306
2021-05-24,108409,1659,NA,108050.571428571,1655.14285714286,NA,188.571428571435,1.14285714285711,NA,NA,3973.60252579785,258690.896898092,329.087568864983,251.571428571449,10656.2899929255,3973.60252579785,434788.788161424,145876.669632723,99,34.9802508915978,539.079691440216,225.297258297302,1.53031574869245,1.56778583065856,0.6413059059645,0.65330154757002,57.3012919393477,4.84154297011609,26.5660772936864,44.6503247359138,14.9807006248663,8.4441419371433,57.3012919393477,4.84154297011609
2021-05-25,108409,1659,NA,108226.857142857,1656.28571428571,NA,176.28571428571,1.14285714285711,NA,NA,4027.6438024503,259003.938174745,313.041276652453,257.857142857159,10910.0841875158,3988.42295533142,435301.582356014,146073.620570674,99,34.3774785567777,512.794194590417,196.950937950896,1.53031574869245,1.56585744673667,0.640530801072494,0.652580573496891,56.3138881143286,4.43909380549334,26.5982248444946,44.7029857702702,15.0009263610766,7.87802188618749,56.3138881143286,4.43909380549334
2021-05-26,108532,1660,NA,108313.142857143,1657.42857142857,NA,86.2857142857101,1.14285714285711,NA,NA,3941.68889554648,259159.983267841,156.045093096182,240.85714285713,10872.661999186,3833.58024248874,435557.200460724,146160.777857831,99,33.7557131891917,255.618104710418,87.1572871573153,1.52950281944496,1.56437929118867,0.640530987488294,0.652271389160755,55.295371724717,2.14362441389862,26.6142497841203,44.7292362893601,15.0098769165661,3.87435187295481,55.295371724717,2.14362441389862
2021-05-27,108607,1660,NA,108395.428571429,1658.57142857143,NA,82.2857142857101,1.14285714285734,NA,NA,3851.80940514943,259311.675206015,151.691938174365,240.42857142858,10879.5777544577,3813.37822228673,435805.687644567,146312.469796005,99,33.1146713537173,248.487183843041,151.691938174365,1.52844660104781,1.56250841143632,0.64015629017906,0.651611564285369,54.2452784742802,2.08886353456623,26.6298276796036,44.7547545036136,15.0254548120495,3.8483995615624,54.2452784742802,2.08886353456623
2021-05-28,108681,1660,NA,108469,1659.42857142857,NA,73.5714285714348,0.857142857142662,NA,NA,3760.05458895522,259450.063246964,138.38804094863,229.285714285681,10876.1289127432,3760.05458895522,436032.381659996,146450.857836954,99,32.4540674055171,226.694015428482,138.38804094863,1.52740589431455,1.56178572773084,0.639814837285234,0.650976441734377,53.1631404470427,1.91126134755341,26.6440393408427,44.7780346839682,15.0396664732886,3.59280603976981,53.1631404470427,1.91126134755341
2021-05-29,108770,1661,NA,108539,1659.71428571429,NA,70,0.285714285714448,NA,NA,3666.68742891765,259584.553229783,134.489982819592,227.571428571449,10804.2543530372,3666.68742891765,436252.690250473,146585.347819774,99,31.7736134793569,220.308590477041,134.489982819592,1.52707548037143,1.56074729945579,0.639868582060693,0.650754605427134,52.0484860897881,1.8628920353538,26.6578506937804,44.8006591176582,15.0534778262262,3.57680931587118,52.0484860897881,1.8628920353538
2021-05-30,108821,1661,NA,108604.142857143,1660,NA,65.1428571428551,0.285714285714221,NA,NA,3573.09592531328,259712.533154751,127.979924967047,221.28571428571,10721.7156409582,3573.09592531328,436462.334688577,146713.327744741,99,31.0730195048038,209.644438104238,127.979924967047,1.52635980187648,1.55934432389272,0.639553270619515,0.650181176438884,50.9008402369546,1.77781003691511,26.6709935009664,44.8221884038203,15.0666206334123,3.49034182618682,50.9008402369546,1.77781003691511
2021-05-31,108866,1661,NA,108669.428571429,1660.28571428571,NA,65.2857142857101,0.285714285714221,NA,NA,3486.1176858893,259843.840629612,131.307474861736,218,10644.6278019604,3486.1176858893,436677.429999763,146844.635219602,99,30.3519932284562,215.095311185345,131.307474861736,1.52572887770286,1.55778355628234,0.639230083720795,0.649628359178006,49.7197241470508,1.82841594784589,26.6844780285174,44.8442774635089,15.0801051609633,3.67489363863703,49.7197241470508,1.82841594784589
2021-06-01,108894,1661,NA,108738.714285714,1660.57142857143,NA,69.2857142857247,0.285714285714448,NA,NA,3434.10397464165,259986.684061222,142.843431609479,194.57142857142,10586.4370608553,3434.10397464165,436911.422408841,146987.478651212,97.7442298522678,29.6102401606845,233.992409077939,142.843431609479,1.52533656583466,1.55608061525693,0.638878874122979,0.649108388660966,48.5046554154111,1.98889663937731,26.6991472329252,44.8683071471979,15.0947743653711,4.097493099205,48.5046554154111,1.98889663937731
2021-06-02,108911,1666,NA,108792.857142857,1661.42857142857,NA,54.1428571428551,0.857142857142662,NA,NA,3359.39383458992,260101.259635456,114.575574234012,188.42857142858,10481.3691984895,3359.39383458992,437099.109125229,147102.054225446,95.2262830323943,28.8474635736576,187.686716388795,114.575574234012,1.52968937940153,1.55458214088551,0.64051977385076,0.650544424760334,47.2551479709626,1.57777367666437,26.7109134898657,44.8875815007773,15.1065406223116,3.33640376296316,47.2551479709626,1.57777367666437
2021-06-03,108957,1668,NA,108842.857142857,1662.57142857143,NA,50,1.14285714285734,NA,NA,3291.15873673325,260210.024537599,108.764902143332,175.857142857159,10366.4971361398,3291.15873673325,437277.27735592,147210.819127589,92.6379500850305,28.0633644989286,178.168230690644,108.764902143332,1.53087915416173,1.55370342928166,0.641020653590916,0.650839122557098,45.9707120722708,1.48947954638103,26.722083023977,44.9058783602516,15.1177101564228,3.2376347489668,45.9707120722708,1.48947954638103
2021-06-04,109005,1674,NA,108889.142857143,1664.57142857143,NA,46.2857142857101,2,NA,NA,3224.39159558929,260313.685967884,103.661430284585,168.428571428551,10315.3822717992,3224.39159558929,437447.085568502,147314.480557874,89.9782368588344,27.2576417723263,169.808212582429,103.661430284585,1.53570937112976,1.55438133568474,0.643070299502628,0.652699802127454,44.6508543810757,1.40744608408195,26.7327284606828,44.9233166936242,15.1283555931287,3.14969403109001,44.6508543810757,1.40744608408195
2021-06-05,109070,1677,NA,108932,1666.85714285714,NA,42.8571428571449,2.28571428571422,NA,NA,3158.9515118656,260412.674455589,98.9884877048898,162.14285714287,10313.1071466163,3158.9515118656,437609.239014748,147413.469045579,87.2461418151117,26.4299919917846,162.153446245706,98.9884877048898,1.53754469606675,1.55526675330734,0.643977872239087,0.653384634011755,43.2950778932133,1.33020132404712,26.7428940128808,44.9399689262232,15.1385211453267,3.06998963278214,43.2950778932133,1.33020132404712
2021-06-06,109126,1677,NA,108975.571428571,1669.14285714286,NA,43.5714285714348,2.28571428571422,NA,NA,3110.36202113607,260516.65639343,103.98193784192,150.28571428571,10330.8689553668,3110.36202113607,437779.57225207,147517.450983421,84.4406558728822,25.5801094704082,170.333237321931,103.98193784192,1.53675567692392,1.54653366794794,0.643720836593038,0.652518805047816,41.902881861731,1.38041370594485,26.7535723638819,44.9574611766373,15.1491994963277,3.29165982609561,41.902881861731,1.38041370594485
2021-06-07,109167,1677,NA,109018.571428571,1671.42857142857,NA,43,2.28571428571422,NA,NA,3070.60368994361,260622.898062238,106.241668807546,143.71428571429,10358.9038672184,3070.60368994361,437953.607163922,147623.692652228,81.560762480566,24.7076862581886,174.034911851573,106.241668807546,1.53617851548545,1.5471749511053,0.643458426895216,0.651656458412922,40.4737618324613,1.38361394778994,26.764482776344,44.975333567879,15.1601099087898,3.41573321965722,40.4737618324613,1.38361394778994
2021-06-08,109188,1677,NA,109060.571428571,1673.71428571429,NA,42,2.28571428571445,NA,NA,3041.99037841419,260730.570464994,107.672402756289,134,10398.9967559127,3041.99037841419,438129.985766902,147731.365054985,78.605437855742,23.8124122146355,176.378602979938,107.672402756289,1.53588306407298,1.54735710455622,0.643192701572811,0.650783986003163,39.0072097629998,1.36895498413477,26.7755401170093,44.9934466428109,15.1711672494552,3.506554854634,39.0072097629998,1.36895498413477
2021-06-09,109225,1677,NA,109105.428571429,1675.28571428571,NA,44.8571428571304,1.57142857142844,NA,NA,3028.74362699248,260850.18085643,119.610391435417,131.28571428571,10374.4365214405,3028.74362699248,438325.920037924,147850.97544642,75.5736506745989,22.8939749147006,195.93427102227,119.610391435417,1.53536278324559,1.54717927067391,0.642897771622788,0.649927429546362,37.502713868598,1.47585096297441,26.7878234209141,45.0135679731356,15.1834505533599,3.93197796693133,37.502713868598,1.47585096297441
2021-06-10,109258,1679,NA,109148.428571429,1676.85714285714,NA,43,1.57142857142867,NA,NA,2974.73299311101,260969.758967137,119.578110707313,172.017316017358,10276.8490488011,2974.73299311101,438521.801429753,147970.553557127,72.4643621135823,21.9520596613939,195.881391829578,119.578110707313,1.5367295758663,1.54741581032358,0.643369563831888,0.649863849598789,35.9597586428303,1.42094797270393,26.8001034097725,45.0336838730692,15.1957305422184,3.94810936262878,35.9597586428303,1.42094797270393
2021-06-11,109296,1679,NA,109190,1677.57142857143,NA,41.5714285714348,0.714285714285779,NA,NA,2793.91353166182,261090.684094432,120.925127295399,301.030303030304,10277.3879324388,2793.91353166182,439033.875111926,148091.478684423,69.2765260177025,20.98634953677,512.073682172457,120.925127295399,1.53619528619529,1.54744664056622,0.64307158481102,0.649037140515006,34.3778249411155,1.39871074600326,26.8125217295394,45.0862709149163,15.2081488619853,4.06507500254447,34.3778249411155,1.39871074600326
2021-06-12,109322,1679,NA,109226,1677.85714285714,NA,36,0.285714285714221,NA,NA,2559.49540638112,261200.586315472,109.902221039636,344.034632034629,10187.1045935142,2559.49540638112,439527.672359082,148201.380905462,66.0090886782915,19.996525334603,493.797247155977,109.902221039636,1.53582993359068,1.54771019274889,0.642801007334701,0.648252691380782,32.7563898704304,1.2897255435843,26.8238080598042,45.1369810712947,15.2194351922501,3.9336300065903,32.7563898704304,1.2897255435843
2021-06-13,109358,1679,NA,109259.142857143,1678.14285714286,NA,33.1428571428551,0.285714285714221,NA,NA,2321.76111962594,261307.172375037,106.586059565161,344.0346320346,10159.9435051968,2321.76111962594,440084.591856845,148307.966965027,62.6609887450103,18.9822655337301,556.919497763214,106.586059565161,1.53532434755573,1.54621941652495,0.64253881159842,0.647862366260751,31.0949267456442,1.29623241392122,26.8347538392298,45.1941735222133,15.2303809716756,4.16433877159653,31.0949267456442,1.29623241392122
2021-06-14,109379,1679,NA,109289.428571429,1678.42857142857,NA,30.2857142857101,0.285714285714221,NA,NA,2080.47827225225,261410.209873984,103.037498946622,344.0346320346,10130.8789469411,2080.47827225225,440639.60788467,148411.004463974,59.2311572526792,17.9432463061798,555.016027824779,103.037498946622,1.53502957606122,1.54541472596478,0.642285548376011,0.647483380247374,29.3929051028333,1.30591751095202,26.8453352017515,45.2511704976431,15.2409623341974,4.43790267980809,29.3929051028333,1.30591751095202
2021-06-15,109421,1679,NA,109322.714285714,1678.71428571429,NA,33.2857142857247,0.285714285714448,NA,NA,1856.54116646826,261530.59311452,120.383240536408,344.034632034687,10272.9495978666,1856.54116646826,441365.759121676,148531.38770451,55.7185180236911,16.8791416390769,726.151237006183,120.383240536408,1.53444037250619,1.54462535835545,0.641989902598046,0.647138019157776,27.6497908989745,1.60195466880304,26.857697872844,45.3257420814156,15.2533250052898,5.78632529558147,27.6497908989745,1.60195466880304
2021-06-16,109421,1679,NA,109350.714285714,1679,NA,28,0.285714285714221,NA,NA,1727.98584657151,261638.847318433,108.254203912744,236.523809523787,10173.6064755617,1727.98584657151,441668.060688016,148639.641908423,52.1219873084315,15.7896232257131,302.301566339738,108.254203912744,1.53444037250619,1.54362416107383,0.641724276501088,0.646802738880134,25.8650463335074,1.51035641580861,26.8688149611644,45.3567867253273,15.2644420936103,5.83096167582851,25.8650463335074,1.51035641580861
2021-06-17,109470,1679,NA,109381,1679,NA,30.2857142857101,0,NA,NA,1788.34771208593,261935.732993471,296.88567503824,236.523809523816,10318.8744180321,1788.34771208593,442214.687604845,148876.077360572,48.4404735918851,14.674360406961,546.626916829438,236.435452148784,1.53375353978259,1.54290072688176,0.640996927304244,0.646484010457656,24.038129752364,1.75538988274254,26.8993034239786,45.4129221869822,15.2887226638664,17.1810246957341,24.038129752364,1.75538988274254
2021-06-18,109501,1679,NA,109410.285714286,1679,NA,29.2857142857101,0,NA,NA,1818.92167962933,262154.164103872,218.431110400532,187.85714285713,10368.9577592116,1818.92167962933,442452.628088882,149079.106547473,44.6728777131272,13.5330202074726,237.940484036691,203.029186901229,1.53331933041707,1.5422629654805,0.640462838246102,0.64615732123252,22.1684957072662,1.63737521955913,26.9217350511902,45.4373573154154,15.3095726015208,12.2141297760128,22.1684957072662,1.63737521955913
2021-06-19,109528,1682,NA,109439.714285714,1679.42857142857,NA,29.4285714285797,0.428571428571331,NA,NA,1884.82684177932,262396.49783745,242.333733578562,176,10476.9172746642,1884.82684177932,442737.016175763,149288.239936209,40.8180930429574,12.3652673894907,284.388086881139,209.133388736111,1.5356803739683,1.54225996972154,0.641014652963077,0.646956210881909,20.2555950438736,1.6177135584923,26.9466213412542,45.4665623473206,15.3310494058324,13.3229339279713,20.2555950438736,1.6177135584923
2021-06-20,109548,1683,NA,109466.857142857,1680,NA,27.1428571428551,0.571428571428669,NA,NA,1946.58615745197,262544.828581694,148.330744244042,85.9999999999709,10633.3270444222,1946.58615745197,442979.997374092,149382.36565511,36.8750052295239,11.1707643757895,242.981198329479,94.12571890041,1.53631284916201,1.54254391200154,0.641033384314524,0.647055689910462,18.2988747755532,1.43990743507831,26.9618540613223,45.4915151283157,15.3407155794535,7.8697279217445,18.2988747755532,1.43990743507831
2021-06-21,109564,1683,NA,109493.285714286,1680.57142857143,NA,26.4285714285652,0.571428571428669,NA,NA,2026.17530856578,262706.98916138,162.160579685238,82,10816.391524135,2026.17530856578,443245.633282377,149499.251712971,32.8424922141594,9.94917125447182,265.635908284166,116.88605786176,1.53608849622139,1.54241712654665,0.640637695012424,0.646785227813856,16.297778091237,1.35755164263537,26.9785070264848,45.5187944186042,15.3527191098635,8.33051129355109,16.297778091237,1.35755164263537
2021-06-22,109577,1691,NA,109515.571428571,1682.28571428571,NA,22.2857142857247,1.71428571428555,NA,NA,2107.54714272651,262863.36099554,156.37183416076,73.2857142857392,10997.5448647187,2107.54714272651,443501.78662296,149576.849766014,28.7194245371107,8.7001458715854,256.153340583784,77.5980530422239,1.5432070598757,1.54331059518895,0.643299999511415,0.64960088199459,14.2517445071376,1.09979583040741,26.9945655205512,45.5450999033606,15.3606879866183,7.7175866026838,14.2517445071376,1.09979583040741
2021-06-23,109599,1693,NA,109541,1684.28571428571,NA,25.4285714285652,2,NA,NA,2371.25264767261,263198.780786201,335.41979066038,69.7142857142899,11429.5219300563,2371.25264767261,444008.738047272,149779.425430122,24.5046650058488,7.42334373064243,506.951424311905,202.575664108561,1.54472212337704,1.54422454780023,0.643240061729329,0.650121966428607,12.1602097021506,1.20645977432499,27.0290112169068,45.5971609185873,15.3814913500727,15.9151737989809,12.1602097021506,1.20645977432499
2021-06-24,109620,1693,NA,109562.428571429,1686.28571428571,NA,21.4285714285652,2,NA,NA,2517.91219476511,263412.583190436,213.80240423535,65.1428571428405,11712.6096650379,2517.91219476511,444358.968639397,149885.522863803,20.197068567231,6.1184179538926,350.230592124455,106.097433680698,1.54442619959861,1.54526484457023,0.642717967188391,0.64986247844485,10.0226054544154,0.903635871938552,27.0509675024376,45.6331275996439,15.3923869504113,9.0164329155393,10.0226054544154,0.903635871938552
2021-06-25,109636,1693,NA,109581.714285714,1688.28571428571,NA,19.2857142857247,2,NA,NA,2696.66920987985,263658.625919837,246.042729400448,65.2857142857101,12048.3675512861,2696.66920987985,444762.012239931,150032.803369852,15.7954825401102,4.78501935278905,403.043600533856,147.280506048672,1.54420080995294,1.54651654280663,0.642118191314076,0.649597565136316,7.83835975674643,0.765912748658372,27.0762346851841,45.6745178749605,15.4075118170164,9.77169616605316,7.83835975674643,0.765912748658372
2021-06-26,109657,1694,NA,109600.142857143,1690,NA,18.4285714285652,1.71428571428578,NA,NA,3109.83969116671,264142.367829695,483.741909858305,68.8571428571595,12725.1838051862,3109.83969116671,445550.004318007,150308.40676658,11.2987472000884,3.42279660513092,787.992078075942,275.603396728809,1.54481702034526,1.54778913433711,0.641320820252585,0.649712842256615,5.60689710681078,0.683367418637491,27.1259122158649,45.7554401598341,15.435814711427,17.9384964268516,5.60689710681078,0.683367418637491
2021-06-27,109682,1694,NA,109619.285714286,1691.57142857143,NA,19.1428571428551,1.57142857142867,NA,NA,4342.79843878504,265462.906663893,1320.53883419844,86.008658008679,14744.8985683935,4342.79843878504,447717.239227734,150975.393814271,6.70569525957223,2.03139609755379,2167.23490972741,666.987047690316,1.54446490764209,1.54870352810385,0.638130585281657,0.649414922557545,3.32763824911103,0.615554346507961,27.2615240103242,45.9780028043483,15.5043104709427,42.4632445829712,3.32763824911103,0.615554346507961
2021-06-28,109700,1694,NA,109638.714285714,1693.14285714286,NA,19.4285714285797,1.57142857142844,NA,NA,11180.7412771676,272388.429588856,6925.52292496263,86.008658008679,25946.1606765748,8262.69695032772,459066.021482435,154419.658681438,2.0151515151515,0.610461818707743,11348.7822547015,3444.26486716728,1.54421148587056,1.54967403498404,0.621906004802381,0.649117356242537,0.999999999999993,0.447383323000113,27.9727356514367,47.1434579099695,15.8580167968253,159.471433514196,0.999999999999993,0.447383323000113
